# Problem = InformationDifussion
# Variables = 149
# Objectives = 2
36.63242834711009 18.77896790414523 33.267114155619744 15.68927297992757 48.884377308365735 9.323360531373009 24.31515355106385 8.220355813931969 9.464538213046096 25.282626180366506 13.176245215892015 4.5381693597236765 11.414488746776424 38.383816579052464 9.086925461939277 5.398961234173564 26.53410545829411 28.98859318934291 43.16931200805513 38.49936083178879 11.766301406615266 9.099862287995236 4.397917522889465 6.504678955629034 1.4092406471031431 32.04976495118194 1.191981874603479 23.420643659060215 10.098452224895999 11.913942970298198 26.21780661723049 3.252073626638545 32.09753564403383 1.5410149268269295 8.226849208389732 6.58474301410673 6135.0 2494768.4195238096
14.450299169969055 2.264233978568572 18.981365100985766 7.635382656511935 5.8267730586225515 26.347938417765693 54.154474341775746 14.673977317996142 17.756931716081773 43.92790280589919 24.37879007437584 56.96859419383049 3.604397056546035 14.350349838352317 15.136234528343877 10.236053758476922 24.09378684715307 56.875540587248516 31.691672346792913 38.617890844886496 19.417860283644096 48.87629244158339 49.88465949675366 45.303085088329134 1.1220010161479521 3.345024162984105 39.226951338386876 54.94328527607432 1.3061563762294648 4.68210701598666 15.018020193703416 6.85235482506672 22.69656378037534 32.01899509076291 22.59616315841244 38.26197663814468 3304.7999999999997 3615220.59248366
6.693850101880258 2.085780229752961 22.642108499555913 3.6582963602208496 12.069670291212686 26.476934062012102 11.961296827041592 13.147705175037995 14.54005104867018 28.69095431854042 12.556479468724543 7.413728670392222 42.33267773990746 2.854261670621804 30.415072910923424 50.86121076593003 9.075413719824537 36.59153512470719 33.76672065783135 50.202399118491066 33.692040648979514 5.599363763568447 23.185740309141867 9.655729803054788 2.798293020228989 39.18660490694613 3.4186564697291075 50.67735076592578 22.748486187720466 9.401999865540018 49.49520622598956 8.511505582106036 15.455516099258077 25.790852531074908 22.159454143662803 8.785011162195751 4723.2 2499881.818487395
38.73098544679633 1.3550018802051753 15.324710253047195 36.9327041576493 24.315381323377597 11.639456481924173 1.354174723249404 10.073949360919203 17.800534927229013 48.201895177572105 22.870599949822445 2.0625853631861806 14.291030119562434 28.690334823703267 5.135360564695681 7.19259140985509 14.219249534983723 10.463559354017605 28.34262313140058 42.58011221322558 49.4056983144214 3.9715973249124605 50.08500212862443 1.804773014446634 1.5183880271383323 4.388755555250232 4.729201949315468 19.682058451708638 28.219498010270794 3.6294226222769246 24.82403278472064 54.100749741842186 6.244093812003477 6.9588609135203185 48.79216858346054 38.75632446287548 4599.95 2839872.5228431374
2.178459540501821 31.94090188915773 48.756330689303326 28.592555964956784 24.33249760257673 22.583044848126008 54.74175196178774 18.358680514420573 25.196024700005268 50.203524554653214 26.180167254052922 31.57115149906941 38.683615970312424 9.362764994332046 15.710725807586595 56.64957434327935 4.811510608145676 30.62037974491276 56.423018755900486 15.743461733591905 49.96044453888118 39.43672960470377 15.52799562440076 3.3944478743547526 54.36337863530391 36.04975538899064 6.097563146891998 8.316307692193446 24.88572283120195 25.309334666725192 2.9724713170321104 19.35407386274507 3.1455571075293864 42.24099034410559 49.85825985942827 26.120337478682572 3935.111111111111 3483724.939736264
32.32374603146567 2.5820448172663815 10.688891606654183 36.37534910573689 25.774946972749493 38.33335580404418 49.37360795608038 17.11159148429708 13.407168124628393 14.226833340872476 18.910379050201445 26.349450603946654 39.0573101732627 26.43482181060015 1.8565488388176186 7.21487883698561 13.53534946429244 17.01118489129572 11.3554679817098 5.791803150219818 50.31716140396787 9.403151710155253 23.086495448000207 13.86630006293434 6.703790597397503 23.909517646005515 32.65416389463613 45.58189593656152 15.369715164211998 13.871716594853014 25.879551154385105 28.082945872663114 43.10163592084762 31.32723045326533 24.130382762581974 7.1275348900403 4176.0 3233682.7906778706
30.89832950856203 7.884707089593421 18.076231321013267 49.21431578311516 13.866496673248818 7.3789737635559876 48.17167362421949 17.87601524506488 12.840466913770237 43.012749657224894 9.5538380515291 2.837279514263415 25.30767070032497 22.067944903296414 6.599173124411183 2.3312543889010318 11.122480840431267 23.977783527603204 12.397251632261845 11.675957874739579 49.089223364419375 32.74753077743391 38.56158364766879 24.779726828547705 4.16773864117325 8.438682062049653 10.336507991942316 31.69162608471535 26.15670298752618 24.52067426157621 28.19052226955059 12.81008574536871 10.958219591150186 32.40898148081356 14.047392488291205 45.14899245565423 4575.0 3182372.2889075633
26.459632512086586 33.51930890070561 12.515493375720812 3.4707744738758457 45.743020268052845 10.72860688427077 31.925747256208844 31.53816045187478 50.08988618685498 5.017363785521129 43.03023104454043 2.8691230600950357 14.962027071672514 9.158703510033389 4.137796794095291 4.411789770971214 56.93201727228496 14.92627207608534 12.972676672798684 14.130556648643626 43.88052710706694 11.365636037624117 2.209975353276462 42.961629792677165 25.942717739105326 11.62198030802885 15.039611277494009 38.22763077924057 49.4330904239268 38.27563589461381 38.59601158401987 48.11736583071927 38.06604532922463 31.533023477751282 56.562096785928475 5.4626200705642605 4560.0 3227686.254511959
#
