# Problem = InformationDifussion
# Variables = 149
# Objectives = 2
8.495275564032413 19.73199934477988 24.72997705106403 11.019069122124119 13.876541331767333 24.702255890448452 5.577150409325094 8.670752402478898 8.433044995570386 17.5766224976935 43.99325448468757 2.2887492922648116 32.60464239424066 28.63834142263484 12.12238807470272 45.47709716136453 19.198611353615277 49.92861196402032 18.06374914110051 28.582152459615816 26.725321711361754 48.943444800049434 38.33013730714598 22.674177534592996 25.190027554277922 17.754324996373082 49.302834605744 38.41990660541815 10.027622606809759 7.247879322167069 12.646741573555143 3.633820619895963 33.62621707927686 43.866216970218076 7.049724217885887 45.305105926742165 1.4633256867313946 9.987918833987598 50.493794303644556 38.797664973470475 7.344306626780762 24.033542794512805 36.32166351356087 15.610759317530462 5.988024543293351 168116.0 5.457802468020513E7
28.71570037227198 49.300856136606704 43.338250786812715 11.903589373567558 49.94509732332778 11.475085795297508 8.679634871910533 30.870319261936054 54.31517416931109 1.6103763797104778 4.39568608179503 8.05981248386601 3.970101515312365 8.15728412754114 2.83522154138474 14.172721525635463 14.704837124101825 6.808157031134786 26.768793481532317 31.209050308230413 45.63587317282599 50.039176469055874 43.1021973173876 49.29589426531406 33.524410185495896 18.744721166532347 22.150714121443933 38.54582666915441 45.01772387367379 1.803533494011754 18.71357686793707 48.95509470589045 39.4991352964648 11.200977204655715 42.734041087609455 7.487177964466165 12.58686739010246 23.06915231527477 31.03496827032901 30.212845830167954 50.96002331419546 13.4897844455253 49.89811053301414 9.990670386429386 43.3631651267029 288760.0 3.2673240041324675E7
5.6088315152126915 56.0605339647979 3.2592079172195594 30.20259563468852 6.095399022596205 9.029985442799587 6.015414508198936 30.260031971605425 49.943397369790844 11.684000307868674 28.378943659341132 4.5589984260974115 36.97310825087612 43.95946934652397 8.782980872809521 28.89882614062241 3.993239222952866 6.748969249695885 32.91911928344624 33.52489854059179 10.888907884338856 38.07697183961595 39.49111668886007 43.638925475095526 25.59057833817626 10.152434644052521 22.388042299698977 30.651219261744565 42.10485839989412 25.342557907855 4.538613300284628 1.1821852664955725 3.6330794093700822 6.164573689939622 23.866686231368277 13.827937187269663 39.91120154097589 12.21887235817927 9.296742603161647 6.605079302413867 45.48791295272417 6.734118449024712 12.646197292619602 28.091691628951512 19.349725110405302 207392.0 3.499594754615384E7
49.84029653021082 4.9063514816013765 38.52133578636738 26.455981463120324 38.81743825370829 49.586579267141204 13.506194879203418 22.784192936455746 31.2440300693819 28.071203557778954 23.404209119884218 6.449721714433808 26.852154412604907 49.85478527414331 2.9039234993767664 39.89777056728789 9.091578493587019 32.0105938550793 49.79633379359966 3.4131502496286705 54.025311789324775 7.556291521491698 28.160769522527364 36.64233241161659 43.245669795504405 18.550895341893636 33.53594611893092 31.862408855491203 4.411279000984707 12.989880333854789 54.517084465225594 45.10551135609413 30.006397376316606 42.73378624357407 19.0226535437867 14.083422088119596 12.812531686924153 25.395289702286828 8.192655198457876 12.3900062546247 13.181831177313716 26.558700663359655 4.607657019767394 42.36259133117086 32.302401984357516 181048.0 4.441779280512791E7
30.608464784787888 6.269910590453648 25.748283709681377 50.025196991845284 4.923456579617977 32.825743190547584 25.30297407087657 33.6627439859802 10.679189119540448 28.59763176502022 14.149246166414947 5.750628102629514 9.809922895162229 2.154313468988895 31.04394454332395 4.223246347019294 4.491033422274899 8.212803393915701 36.025845902192714 48.95036939835216 14.578193522416035 19.358529676471903 56.382482526458396 36.583024092054885 15.714519615098967 7.419217068950052 4.152390475901339 14.329665800683173 28.264373739470205 1.4200500475017477 14.097834107772744 45.51824491396879 12.429933689295614 38.16233481580307 28.360631194759783 38.81955510461422 30.23732809507391 42.78522278856273 5.7371496735856855 56.784552709102705 50.89054713469345 31.985098790897922 45.76355780612774 42.795398663911186 18.103238894708927 198050.79999999996 3.900889331430439E7
42.57508404497207 12.60960042372368 49.769977555285514 30.707994330809576 43.57151174680121 17.43809061987834 7.143122122655768 39.062752645614786 7.20629730766399 4.76014024930413 45.12460886747206 2.115282170217157 36.42496045689191 54.815171310779064 14.467438367831921 5.030505030465751 11.124137949137435 9.173914048971062 45.96293528211913 6.931932153487094 1.918705254361956 36.8187530648583 45.805428296424786 45.372946585330375 38.33804088826846 42.16016511988716 14.066381596133162 39.04939618136643 28.91604359291943 36.59648026736247 19.126526766297072 23.437952618994256 25.497689045355195 48.377708704792916 38.24019383313478 33.56739721143624 43.23887717863636 42.605215268500444 11.388835555083839 12.846407360171018 22.880817279703223 2.5248563564548183 5.789524172014046 56.51263284359985 39.010521016780565 168636.0 5.3090248394413926E7
#
