# Problem = InformationDifussion
# Variables = 149
# Objectives = 2
7.217487695425171 26.072933841084097 24.15658031600848 39.94836203694083 11.884433767789153 48.57548110331779 8.045808131301076 14.362384371137917 33.008864416186434 43.977328102464966 50.91405592313235 54.26128553990524 42.69704298456378 17.647007209891452 32.978468154567686 28.926471093763375 24.422113014209337 23.175219434809602 18.1475254136419 14.153337384670658 54.150411792203 33.93412848512591 10.109019236663851 42.524384842147114 32.67347855654246 31.48316545841013 9.425707100591453 5.2356905875177056 50.42512790090844 45.934596543993095 23.974749159652465 3.510876785524289 1.0727765088102457 2.827814410165613 24.048614266547418 22.15719821572101 5.394995202164311 9048.0 6149468.134481792
11.650668312496611 22.74963373821015 48.74243541368236 11.748877634052493 4.218905977534837 23.443054186478303 5.814800250292485 12.478741372378796 25.272117245325827 12.752643370312922 38.91662932614708 25.44083291506954 26.187577195409503 18.7239816421709 10.924808298226115 36.76171228351088 28.840028341712905 50.00516033028661 12.9669162109152 26.67938327478862 12.227699869743082 1.1783324274804943 3.9447434895141082 18.084640246590933 24.71275350891216 19.710049506070597 12.526524862284491 30.936528075305635 22.8799495195614 28.766161384221093 4.216322070709259 6.627050342869437 5.1558401915165595 5.464702763132565 26.50932928280207 17.370540252889256 18.304459522831337 34700.0 4959225.729047619
30.08055556229163 19.56552865279178 49.572685892154425 19.077403526171356 3.541748113648161 7.7496721456013455 3.214427282348935 8.57913430598321 4.963086695000737 19.989053160255864 3.2612122565277626 48.67522324346537 23.193797862992117 56.46500506003173 2.8599807599864966 36.38556002358515 9.650778914778435 12.167878734654677 7.508800398691969 14.819140310958229 4.44292202639737 32.81831081431945 4.734229145673569 54.488993484214205 43.91136314381467 18.06191727699951 12.446406368468315 15.561121504859747 4.586797324573574 36.54919458810581 7.738515606840775 48.35340009608024 6.306248154461663 1.8431030806046897 42.0336276878408 50.350940534348275 4.517056465492816 12400.0 5005966.894166667
5.274202044374754 32.21646874703147 38.36654864975244 2.1434350527287847 45.58098266159355 19.30085376594124 14.46036858080469 8.041152433947287 2.5552896939408205 13.481720162833117 14.25437967375067 56.7267811742854 22.075963370954028 6.697646480284304 48.78286660494603 23.267364570015147 9.121449160369787 5.511192827596351 23.275923576776883 43.78439062164885 19.849568595731416 9.115752494125118 6.294722387802672 28.264466685004518 32.04427636374453 26.75393109225242 50.74268971877856 48.956657607492 13.35280635339967 8.356132653225329 13.591747574672821 28.869363910260876 32.30159228769804 49.61865657147632 50.40528077647988 10.1978239472734 8.422902643916737 9636.323529411764 5446835.046764705
15.79472350278931 4.574042042670593 48.4648712553217 8.330981899295205 26.31229296848232 45.119552993974395 6.588285354911736 7.83926542134047 25.693319806374948 3.732729959007474 1.5969631205845451 14.195663231127602 39.30869220195707 9.759239584718502 32.25045680951668 8.977810002387349 4.631502818509875 14.939811592803501 32.860456181837584 38.577874381468305 30.404621763410965 1.7095616515834124 50.05275057010423 19.65497611173472 24.18068273373886 26.57182391366555 22.848812030440946 10.18222403315808 32.92654029650487 7.459013866203585 22.393564265196655 17.612951601973123 15.650275768544688 3.174641524706683 33.61863562813551 8.803210610929908 9.692299870045318 9215.999999999996 5858315.382006033
11.332332282902485 49.59189721307151 56.38440167664606 49.77798252959164 31.203994996376036 50.30854457070963 8.017615849304814 6.549003002613002 6.543014953759981 1.6737760662162682 50.00247863658649 48.70082024653584 17.292174537355567 45.56101938656381 39.6952056023482 13.7920357570778 4.149544610212156 4.3611951105513285 18.805977469224175 56.56225720723311 22.35781199829205 2.01616277887185 13.745810891793736 14.081943629797374 2.422004594820384 30.874843310079605 49.58237125909314 45.25839840937218 22.554422653293802 39.73098706544169 13.35482715921293 15.003256873650267 8.860007687239849 19.121003193661988 14.007431926875718 32.714078164968605 7.304664998097155 11960.0 5112106.248616841
#
