# Problem = InformationDifussion
# Variables = 149
# Objectives = 2
54.333545331021334 12.023835359521982 6.764687949476614 23.81700882581567 3.3790459038986165 15.35104294099174 11.355395996933696 32.45198962989503 25.408295690313636 30.057478771646398 8.093223717256175 2.5839697373082733 8.465749391414938 31.139560014956036 18.660681201493617 6.012066397109434 8.250192047371401 30.61267845611347 38.929293098655194 30.10386001156683 43.09436973675645 2.27658430497417 43.0462313578698 28.56194623210851 14.902727471472158 43.51245120194763 2.0740408429406867 6.702291590280465 54.67319168026209 54.633642871321086 54.85218508811334 30.426456870090114 11.780054607213176 296800.0 3.6479167222058825E7
18.237960143613066 3.6545099274508233 32.94737373458393 11.972601297843854 22.060966335310304 30.133172953178498 23.314984443211927 1.8582319660798148 4.496399057765352 39.6401024766807 23.373411442409942 1.344600123755643 2.7271170041183996 17.961399642560348 5.984217184543933 15.61195519666674 39.981710335827024 33.25805152995614 10.223772741171254 11.918567007531976 9.518311255518773 36.99664414389462 22.238372395908193 26.71969233200783 22.817071835681666 8.001782807195841 15.92860987197065 6.85233388514792 32.90632793512463 42.596226592440054 15.26469608348247 3.9150560905978513 4.8130550351528205 168116.0 4.9949254522857144E7
39.53625269363499 36.89791263593222 30.877672792614046 30.100527035146115 17.812051289180225 33.61712091043365 12.549335470896661 33.00571309711369 15.592276968717526 38.98187232628882 7.791687049234451 43.892464090761884 6.811478806448814 28.52665652246598 7.572240528726816 8.692162675283141 50.67274520230903 6.506253541098076 11.188937560961875 1.752914173106579 23.250553148114754 31.630883294759446 38.59610702261361 13.894254398572498 49.85958269633417 13.54757729902081 11.66342759249203 25.243464078602454 9.258551516018288 25.21800586707436 14.951746520718295 39.53951249953036 56.84451357682173 215710.0 3.769092331285715E7
30.71178096031329 28.614054517336 1.46317760769597 13.82921573994399 10.8412012706241 15.766447866014119 25.154364519039046 28.060821553546724 30.38151831359295 9.522382734756096 38.6634707128928 33.5669459150278 6.284883899173622 42.715387167321616 32.34177438848698 19.676211136961594 1.1645605107938841 8.701669569203146 25.916557767628383 3.397422405376217 36.19303217072318 42.76534448744833 31.20623792656292 26.628183945724306 22.888350515632258 12.828313602722263 3.2485876084442142 48.370983707254126 39.786384257320165 33.4583116499045 32.765782701397136 9.524906698732037 32.56125160534614 181048.0 4.259992803690476E7
4.0212339129081816 28.836566743249143 24.07736616063264 18.77273691731868 49.29305790572514 7.864739949130243 15.531610171226482 49.71469698287129 33.49634851051862 36.34594468366886 38.456923704564545 30.210367448190265 2.938824575698092 48.09957350549606 32.50140726299011 26.209644401524326 8.319591852535627 39.47299086412237 31.107015817787687 2.9807540640178933 23.996550308066027 42.94084620494519 25.78923245364948 48.72858302210782 45.65592910842519 26.328351737754602 24.406069191094453 49.98344056984193 30.93487494178414 48.46388344128784 56.37691349328245 2.3635742245666123 22.53207156528405 169026.0 4.731023315189393E7
48.574070738438536 39.26974019937515 54.39555176610462 38.322259925292094 54.514224598303116 45.50807874095897 48.71728403580857 24.34644334858649 2.055579180423785 32.53220785416214 28.441253637188854 33.51703718137791 5.877317946335927 19.85423570450737 7.717517312194811 6.87109232504219 9.753556554361975 6.838018445122509 9.214051531401141 3.2810972247498684 3.9844940204483077 9.984364337174593 48.3034706483116 11.261681514517752 12.41963936773037 11.66770774153497 6.424834145336521 26.256641967627626 15.34935259251555 13.681316527974564 3.582836262108924 2.7611352724866647 17.917851538853302 192686.79999999996 3.987822189916666E7
1.2945599588529788 7.032186424670942 7.717691854277854 39.060141113081556 11.024047638629412 12.433519685671932 43.59571129577355 36.01969788909908 19.63334538292259 45.808956498557045 42.39220586269434 7.4269204832205915 4.484715424924513 49.543947463682755 54.29592132061039 14.58994374671881 12.356548405902572 12.08862284857835 7.422101219901857 30.008322203187227 9.532149436305197 17.289756247746396 8.21591626430364 48.080203459157545 6.322905176881198 18.831033372036188 1.391761064069554 8.556180815271608 50.89786232155435 22.877268513766115 54.603867122814805 9.751824147176542 8.091709171043155 206912.0 3.927692715627218E7
#
