# Problem = InformationDifussion
# Variables = 149
# Objectives = 2
30.76843549572228 24.135657763620863 38.00951327569064 7.819863821813059 32.92987890591137 48.58551065674593 43.55661301274211 1.9562824098629648 43.066840312149345 48.79475640668447 17.228894023811737 18.30095349274319 3.91439272182568 2.951222923479898 54.27125448189785 23.829910393332653 49.461903839937534 8.392608681999157 48.374042948730825 33.24306212875672 24.08548479533714 11.750054822445803 48.78002857195395 42.50320477259791 48.24790493551494 42.12238284447902 38.96998723424703 17.691445022809628 10.801162082714988 19.243965013734552 50.902568111409614 2.461436758622802 5.967299064664773 31.228129406579598 32.900733805424146 15.232118805224262 3.157554439455774 18.03286680395381 7.902132792139866 22.52925964034483 32.93238545075354 36.98290326284332 11.398807315148984 11.331162284210848 87637.0 4.5199050299817935E7
14.621614467116165 25.813485017722314 8.03542199878139 23.17888150929871 7.863498055532667 9.949559621376354 36.462415441808176 54.28463277122104 50.44319169798701 7.270659724311532 6.360016759189551 4.289968930153334 2.281980924931897 8.731757410937483 25.412708308260846 9.344293163016054 56.165899726208686 3.9517538395091383 31.15939889315971 38.78910645596176 11.49479654398727 25.835690098208975 30.04014159534515 6.6246192250088995 36.020593086700345 10.74858267084074 1.8867594702883115 42.52407585348538 8.86176071105437 3.6327280225040277 12.030191248126597 3.924078078659057 6.175086051729726 17.56474026151593 10.307922542915366 28.44574953195787 1.9203463556479017 48.1719913429515 24.121674795181374 36.34630619423762 7.511506648811936 25.58997807110767 2.9774794534910423 3.4968982075193455 211224.0 2.830653501226891E7
45.18985879074055 8.331785316767492 17.6944142562767 36.56752870690219 32.601168202465644 25.204332161711946 18.12590241641737 6.535623644246467 10.835834784529013 45.68542616920236 3.0535187704969435 18.304100957713167 4.074366282760007 8.57131358487599 2.993152930114225 49.123206689888306 11.684155474330597 26.427697173452636 56.48723162453697 30.137928401096694 14.597456653130365 38.613322880948665 39.21898187474241 15.828193724040018 3.76414348174635 3.522491797565082 10.78254798109482 33.16975021687999 38.05866021388852 23.044906484148473 39.9165276724663 50.678183664307745 12.03794648367187 14.828684421770244 23.023057958074407 38.9503970937172 19.951023601087385 8.66206961650937 56.67201471646965 8.947428699430759 25.28080520250791 45.13964435502796 38.462053220288446 38.083223603091696 119167.99999999994 2.872547422301587E7
14.171319758530233 23.8099752149502 18.662541392700284 48.983231109508736 15.80157540909181 43.45616829676374 39.354491917354466 17.399592220127357 24.374503768610506 25.575255754392582 10.936194283593144 8.469145901907627 3.2136185165034594 2.3290202041187267 54.21187015176562 22.04830402643815 3.342256801736469 15.220039696056933 26.460604609932624 5.1528926993775706 14.781328191319862 2.509821835418107 28.343895241290465 5.213167735055908 50.93241391979378 36.64905516282223 32.0237004812979 22.370789265247428 36.88517390225519 32.0949692042292 6.914908616429544 3.1682600052758607 2.202528506337802 11.229113353756555 6.207383453249691 36.46811806458387 1.2929933366903326 10.81273010603855 30.125173579931122 17.63231029830969 18.510645427589605 9.499210488596475 3.659880667020176 28.36470256734356 94848.0 4.1907124590448186E7
26.162934109584114 26.797853322919618 3.9221782108461793 56.93097484913463 9.40091930547677 15.53924467043824 15.408902619370739 30.54390167071424 1.6622059179166868 22.19040385404446 3.3906619829368587 2.7116098432931337 14.47528989442544 1.557006920467229 2.441051259373186 15.29543647564865 4.108932458645902 2.492352637550571 5.210842075999295 24.81714116563296 14.759078380476861 3.7882014693332224 22.250315696453868 49.587325747219715 48.14590870937588 19.94561533688544 50.64849425229421 50.77572758862704 28.516566413348574 13.76850152007997 49.04022999949334 19.137433854122413 30.911813575319503 7.094979264342293 31.85008754287889 26.3245519737173 32.17251357877233 8.156486250792284 17.913026075100692 43.00414269155561 9.984562932444689 36.106086869657226 50.799420896670284 28.20426103800991 97318.0 3.4217834666470475E7
38.60212342091386 30.042113175237642 43.296517885971184 9.59320715998894 17.154088311151874 11.930673677539367 48.684746643231094 49.803861578256004 43.91302938314902 2.0054778084961598 8.09110672170502 32.26884651879743 1.7707605093310808 6.136653956116864 28.896071738515126 19.73670414381921 39.95152919218546 6.192775845564976 49.14990073113256 2.675386733479082 25.65609030197104 38.063956283837676 50.1970191922811 54.291544176890255 23.098845469191694 42.91158907711552 24.627968733233736 19.52683742793863 11.189510746753843 5.457897320118615 36.57577056346748 48.99830582302643 48.28246906101584 3.860437723327143 45.13568863119041 31.132851434310567 31.67572791080161 39.62634172292835 45.94347956605392 39.86814526823551 5.0725544232275235 9.580972527390351 19.327099697148878 36.59229301990063 103805.86666666665 3.1724585415798318E7
30.208675834286765 18.80579583894118 24.11563504500175 50.62225623085546 32.34604589080622 45.182291743546855 38.63736071920368 2.4203020558290476 31.836690383485244 36.87321036559964 10.437610289967004 32.70207519812199 2.47636141407793 4.00057634656038 6.797591641703263 49.69816019342539 48.83592247387079 49.97654734222126 24.84793935726084 25.884759145224308 22.716741729829973 13.82859402398677 33.45601043685699 24.382854201778354 38.15523265855862 12.22540737346726 36.642687894866754 32.29738448972977 38.41633227815516 10.76379769519162 49.52289312772125 50.9366370894335 3.7154291910889485 18.623991965970255 38.615773379783406 43.13463430011339 4.906072009122152 28.772493024328668 56.610610697072545 32.624107714622724 56.76548701249578 49.901496283168356 42.95097527486107 54.739823759301736 102293.33333333334 3.1969640538562093E7
#
