# Problem = SchedulingDriven
# Variables = 45
# Objectives = 2
6.968625827126679 18.87998650778785 14.026118242872748 16.095528201675986 7.353300962813808 8.97310366078828 4.620953356134999 3.9729962290345746 12.129862582178024 8.140509439146838 15.342243121291013 1.4877094684279806 4.567392955638658 16.06011781912954 11.008096310446009 3.8360879336225793 18.482065776103177 5.81442783205167 1.868646530049902 10.975428068504309 18.976039590909245 4.093391884391351 14.221614868561794 14.603059085352706 19.264130234113157 2.3691007337439527 2.595322589746978 9.508652123297146 20.05491675468395 8.043333778887082 16.18703130762438 19.0749345950308 18.110386699171837 2.0001622348071484 4.502930330386524 13.907284830505136 10.84125177661977 19.707199722532504 16.79798559433254 6.012221442167244 12.676687387583584 17.971276518347175 15.759688209993515 14.427730007919983 12.918227713949651 33.640660000000004 20958.585710317457
9.453419750891475 10.452628940108381 20.396274382804037 6.340576458804945 3.9950224446136016 1.127448596159999 2.447984621692504 4.067995450128225 11.330216315460678 2.740811939064373 3.326775365011771 5.929502866428553 2.203098733026897 8.457830016885984 9.439386435983085 14.474609739827546 7.537208978705515 9.2386150776357 15.676535951711129 16.61004524799398 14.130782086981917 17.806650933967305 16.72541778387126 5.045153781096335 5.888567906692674 13.212191500308617 15.695282498568153 18.705376120169028 6.586681811958858 4.881845116700898 2.721961637046836 4.343490527954416 3.7015809777483364 4.826166018650385 8.59211036178141 5.375188205813411 18.922493589582736 3.3087872011391495 10.052855051265604 20.539720511129243 5.270899658286964 12.582653423353753 3.2923552080202994 20.410669837120537 5.641007871743619 49.42482666666667 17787.33389559884
1.0392266570775706 4.0739693481054955 8.39043444924056 1.544568437132869 9.709120597530534 14.159588260589638 2.5215517566289654 19.11811184152953 19.69022829029702 17.104722018395528 11.938311952203579 1.8831708629058648 11.158796943062798 14.366762633739123 3.362550892067891 1.2232570562997178 5.660280117934354 14.062850160136676 8.164624853263122 19.978420452906825 20.660761939187367 6.271537229763455 5.621183121228666 15.48819530435561 5.671909814988034 14.239396875480352 12.361510771837917 10.140724509373271 11.617569878989656 11.744841225222315 1.4383203302376586 9.261974946021777 12.170928995083958 15.238851349808785 10.192239664388017 19.276692977590283 14.93875917992827 15.703479576401671 9.889965071433876 15.386442691686053 11.838080610387188 16.986059197669256 20.941562780208525 3.8014892463317613 13.830995507627977 40.995981111111114 18622.325913906923
19.378198531962042 14.965164100822005 4.233845819698904 17.304726290926528 6.720810279226575 4.074529546918637 12.81679875417508 17.814980070008396 17.780229561504175 16.605883043668072 2.6950952686907317 11.934252705905582 2.69679087185156 20.55768566615414 4.436854782982087 1.0185354938978723 14.437602948906727 19.00237194850705 13.523617589222104 7.767655257667776 19.99718847551207 9.448886191801435 1.4731197711976436 3.9349396420928295 10.00716255388826 11.862805389043217 17.054343645151814 9.998031707127069 20.668740983723016 12.710441013127795 6.89142174959285 8.03140822757304 8.954336019371336 4.168462198797377 8.587727706502351 3.0882556704872806 6.495383625697279 4.353273854269424 17.98746483403247 14.320559394651301 10.79771488784005 18.35393458022088 10.600797163522587 15.64186665114628 9.386520854337908 35.6524 19307.384719444446
20.12553374457439 14.181314441192011 17.40330187985587 15.062540888101433 11.636599439764085 19.065470656278215 1.6132537347581484 15.219782005133458 2.955414817139184 11.653636414176212 3.9715800503238223 11.838967540426104 16.87217225247516 12.876776113613358 4.478707250478511 13.548949893922364 5.108249915943954 7.595112766923955 5.192360595948088 16.477487881440627 19.79784138088715 20.278017853201376 6.316888121650341 3.0874430001947313 3.198308297701657 3.9582501287688334 16.743685931739112 4.989854511579807 14.775952901904818 2.2103692114743043 11.327916764045684 6.1421665456588155 14.295382117155686 8.838090825744894 14.419833394533795 11.618579283139386 15.887079416782896 13.31297422596665 14.770435341959931 20.055225170717694 11.899695086927792 2.2287374363059707 10.204497059623279 1.9712917243007047 14.602692739226368 35.8261 18956.0905359127
1.17965399423899 18.23130504787885 18.577436422686223 13.680867557086389 14.226493788013105 11.075970832029277 17.75322600680652 15.947352438840653 10.924849530560598 17.740839160596746 8.285796634536178 11.36601488947438 1.1792226045558862 14.09129546981513 20.789455643265253 10.77853927630198 8.353611225829889 20.95069543096652 18.595260656256404 5.344312148669111 5.097442556160682 4.188118765603454 5.466102281747945 6.798165352633175 11.754456743004063 12.630399956270388 1.0560318991129147 10.570907814325563 7.58116678315587 18.166261933201497 2.859323126587315 9.13786672205881 15.434685796135955 16.922942371212734 12.21016446059512 19.044483572439415 7.1589875949705135 8.408965407052332 20.361124138205263 12.038006037369552 15.057980172242992 5.519379612473951 8.641363693253021 4.743784156210341 5.849430646040692 40.08176999999999 18726.20686992424
#
