# Problem = InformationDifussion
# Variables = 149
# Objectives = 2
15.922759884024186 31.29179423003064 38.95749743365524 6.969651476828243 13.431364133616853 18.07732692810412 17.945909747191436 6.608072823582247 14.392418664309684 11.429037970377227 54.17386238840196 4.715458403722403 36.049133792247545 31.2627756210257 6.526485289148107 54.419952786412466 54.51960821183419 1.3804183466789954 28.748127755233728 5.2874913579407385 19.36302445334309 10.441839118971938 11.6953567237916 43.826812143690745 36.7815256595312 56.58996574635915 28.46727663316907 14.652183544732505 42.127507140883836 1.6868004053190133 1.6834967894281845 23.91686415892482 31.363210037047743 38.568864603813005 3.531649105388942 9.412722829823245 83057.14285714287 3.378960939556776E7
42.45730453864934 22.672097329920756 14.294969846517223 12.452386237691991 7.002852423413689 26.218631575902076 12.386991756249452 8.386452057907144 22.66635236005116 4.370619457879202 19.691861827374776 10.598441915877496 15.56299771949698 32.334965631286806 1.3436244936868045 12.727616683725387 9.901618085525635 30.643284439228594 54.02067716352644 23.319819038689698 3.8738559405348907 23.139575278156077 13.40420273574205 43.7538279650327 36.75600019989577 19.335066950096035 5.521373567990682 28.246243344791612 45.377771168914634 7.54422543703278 28.196427205953825 33.88889106361258 42.48714602387434 3.4547511035209224 45.510111695066826 1.1204562196259187 168960.0 2.5266862855396826E7
13.191726625386968 32.897448617380135 4.089611529812213 12.106829484302216 7.833440768624688 8.233477997846688 23.668173063928084 11.006578248538668 12.199636600764668 7.009468527778578 14.056522871936426 1.7502033686789917 17.650355216209245 1.9928687113583896 7.463089903348956 22.835202931272725 31.947361943862443 36.76847538112262 22.23380781745053 3.6591806326439937 13.912070204133453 25.482468197893343 48.934414453905255 12.651787770253804 9.244704370868677 19.8067545566168 54.62872866210653 3.148896026268221 11.973793233619862 3.4630343330374878 18.37560923170345 11.881912225811242 42.18652836356041 11.369172110566598 17.26973274211351 33.39133801762538 127844.0 2.7696820460805863E7
32.009902420060484 23.64251250185967 14.371998637191814 8.626763561003106 9.933485183978341 28.063777798453888 1.809440693465049 6.252993795933492 28.662924269530077 9.349481749557802 3.203985079994408 43.83959211205103 9.49185725688845 28.260203420172694 8.247378830282587 19.436903033576716 25.368072121484783 6.4057975188957785 25.94258215575629 33.091932723305305 19.949683349449764 22.161956227989663 3.672091871238233 30.51853422260793 28.682974807073162 33.05549715795343 33.514019195842764 18.2374232681474 1.5148098134818206 43.98090183732074 19.900708437142125 9.79146291719074 24.61815188662765 28.96622483995082 15.294946660441415 42.18872230178888 99180.00000000001 2.986184402820513E7
3.3589050283507973 45.19043092025523 11.46884456349006 12.191351481423567 10.25429272523915 38.18154537405358 28.407923502220427 4.130521610195337 26.98898360662751 39.31893486907905 25.832533821795774 9.641333675071357 12.453589317525633 45.80238926172789 11.532384817179183 13.614430321542228 5.1235380255614595 14.24947868958934 14.265922872586541 43.48126925189567 50.35602533284916 14.620138180971988 48.93848863978873 5.305596409420925 23.968295281553527 12.875298262187481 39.18957038363788 33.33984559637866 33.91226165943555 19.033014453311303 38.75250451926604 39.48391550183324 28.92029377745561 36.63730276832301 39.52958588301963 10.128410923561644 98880.0 3.1865391956565388E7
28.14302665420998 15.875366916545687 36.429147377847876 19.389572023959317 38.42901901665751 6.782783855636216 1.558964841351036 6.89642405942533 3.06371336868675 33.12049787745749 49.73186557326945 24.734207266322127 45.88552580600624 48.311807134930646 2.152968798768069 28.41218576296992 4.239342686493864 7.95056698317464 14.421887358146856 43.63091477170522 36.45602997565387 4.55104117959039 4.59657446343735 1.1802014890003645 33.68700693501082 30.33070795029179 31.616239109438926 32.516739304782426 45.39824918855922 6.759268689680433 31.23805329551412 45.07690408887202 8.404649571221752 31.061208362638567 56.16049149112488 6.581549231015756 84477.0 3.2404981340392154E7
#
