# Problem = InformationDifussion
# Variables = 149
# Objectives = 2
2.4864966432558484 24.652502831603147 8.285764440535088 5.236472735746537 26.603198795667446 2.501917697470482 6.117943833669987 8.731769385065446 15.55455140813276 38.41330405187976 13.858353589553248 11.924358800521786 33.02987975888716 23.408887852833463 42.330237451647285 38.82282240148635 9.802959265446445 45.84781600727906 2.727597361447978 56.52727561026917 23.279905873862756 5.66566685801438 56.642342441755716 23.10601533801876 14.730388718393224 8.840435771706789 4.955686026149618 5520.0 1832385.6115873016
45.935230986570765 5.873054925105706 12.156744526481914 54.092727428355374 38.09508198841081 33.22587866166931 17.73595670282399 28.204397082581156 22.315274503437767 33.58247132439251 38.26117777427418 9.285655412478285 9.376847231952025 15.892921721024184 1.1038214950163314 31.301281413446283 45.882522494343775 48.99700875977552 8.266270101757442 4.913816622592391 13.596354015761099 7.847294866829142 11.34294059994993 3.105396398850164 1.8127741467345522 42.04709966045762 3.6290055571525053 3529.7777777777774 3216182.588595849
36.99182275005713 22.585706663052523 45.85445919306629 14.299284299987216 32.38858603791484 2.9311361649715413 42.327480893577764 33.47712596151261 15.521003075940659 32.89513906273872 7.967233017898971 54.946278451594026 56.030094591897964 1.5550087301974163 43.27071199956426 48.284013093372366 1.4268586424481553 11.092451995844282 50.41001867177484 54.10414469178235 48.441251652316524 6.461482577270575 23.849484786322343 23.823024490529207 26.795895883823036 38.4576974229924 19.61473872347016 3927.0 2533796.8784033614
6.002722469041628 19.18253669393937 36.24913646831394 48.54517711580152 32.880576386267435 2.5504396825170206 24.70642523044664 36.8860356262738 8.695351093239784 9.773047108545192 13.567392440327106 23.978925604874412 24.17091860347644 5.5754470993172145 8.084666675245982 15.386208771481337 15.508369509201348 45.57191508671293 49.43071158919805 18.88348141843061 8.742741670677919 14.709592066734864 19.651304498078268 39.26955591120701 31.94622240636343 43.58753159943334 17.24291098768923 3696.0 2962170.7552050566
38.239870575393546 33.62995578759547 11.424862002931288 7.448246373087588 25.828980933024692 6.314314813423347 23.36246416527304 24.364212270625274 17.04595488358218 10.335537903165545 11.251556094092338 5.912248952983169 23.78405008356424 12.01402379404622 7.375674180852343 23.244475465345886 7.259353381082121 19.52625250302569 3.882976289060357 48.38185006072023 56.323258949105515 9.073967796942192 7.273910237423499 6.21116611675215 9.80143590080716 3.2890775814755693 3.8446800238231376 5108.4 2210080.988076923
31.99564515311763 56.51379406118986 3.3809833895490287 23.718213033253498 32.85423416233408 32.81516971425683 8.624050589615697 38.15031051897179 13.067170111953253 12.005454954470393 25.964189713377152 31.927672433207825 26.350750194343597 7.869276946405448 32.28611480820283 6.888708114630824 12.697043087116725 22.300755424664437 42.564184407409506 45.22195233095119 56.98744610399472 2.992854519647681 33.86703612985998 28.285840517543647 54.48544287146312 1.2908406159948689 6.788533798511431 4403.223529411765 2434791.1837394955
25.104874570390248 49.095038556467905 23.530124753252917 8.265101509438008 25.348647579366727 3.5121866066303324 33.05230716747464 36.13433047635989 6.620774878053988 50.69567757827549 33.014675297629104 1.021482782961367 42.407351566533166 12.509568281984764 3.6447879428843035 56.39113687577119 3.219337165130996 31.709357751013233 6.192184524346776 39.55305337541165 9.175530852423845 2.038879813207494 43.41076344074647 1.1495259289393993 33.166261685269184 43.72333312744189 23.40720462176836 4836.0 2274777.9841300366
#
