# Problem = InformationDifussion
# Variables = 149
# Objectives = 2
12.767649565279159 54.3151650171105 23.04514635869037 38.36245062598328 12.938079166608329 39.62055206615495 31.75405405971829 13.894719964096009 50.15503826367326 19.245314972337145 31.61684900073264 49.85486612164431 14.171961863265812 1.546195775552512 42.54234843569552 23.341459334766494 38.79478291290595 1.3076045936171246 48.37452342181844 32.770489817997266 50.39375401328397 49.28263155864883 19.279927709683268 6.127967732469354 48.30215943796536 10.074836564926242 33.36213030393476 25.466990463630715 5.482084541471843 19.051081540857577 30.207797122181994 11.229991871339163 12.834214373774708 3.2058664072172443 2.1438754683576065 56.93857202003279 17.83355767577939 19.513559359744313 13.054954629246634 8.150808109756317 2.742087069770807 5332.133333333333 4732452.974901961
48.82410028878691 22.864354223247545 2.1608961520940384 13.830349074541424 13.12313040587365 22.445962653246532 5.814637297798277 15.600743094064367 26.860248102856367 10.677252767444784 19.880410409058868 50.87706208410432 2.100945044881274 6.644754612867416 31.492342941894208 23.02125224566307 11.400835313932475 3.6503156183319976 48.35349894581583 19.93764832526698 12.351374082919728 22.861133496106604 13.18914392437223 33.761868559029864 8.984350771059155 17.53171284414234 22.17715308508582 8.904958797585781 1.2126280381673775 31.329731794621342 50.759509978066085 1.057375083158755 14.620793978779787 22.398505123630322 15.541218134184628 18.435167591807968 39.68314698452161 28.570107002453067 6.0864766877407215 4.765086015293333 3.785343343785762 9765.0 3870556.8309523812
5.3068747776633245 48.01531658040296 1.9348205416175002 26.339543739481407 5.681095482520728 3.362941398998051 28.700870971914647 28.604581836818234 38.429726709146486 25.370530696160966 19.71334733799485 19.63764114382264 2.6309377385203314 23.641786518387125 4.760979211766343 13.105990306452508 11.988234313734681 18.646737040486677 5.531702088782742 50.94830458401402 49.52123107104383 19.255302064862644 8.688054311906487 25.955099548419106 11.827665214231967 10.94677784802443 49.480403421249655 24.530318378924374 9.48906166582961 25.46998450260455 12.394173506458495 13.09536162850408 50.07028713829716 19.741005493631615 26.981842899527287 17.257699190873634 11.275133869146826 38.10885546299443 18.74073618955156 2.171586019520645 48.274207491202816 6968.0 4334491.096
19.700387138981515 12.145060222383194 17.183422760948478 15.334202346021934 2.650089022757424 24.26610440433542 50.89201768919316 15.17975440270721 43.654527949320496 25.939297406027695 12.067330572404781 15.346140091346019 3.912324397089253 1.4982813148270768 19.246188431968857 1.0194373775746097 1.3679474512118852 50.048128992995494 18.254536304454565 15.748022899479 23.267398144926826 4.946347575923766 5.273353207315477 14.493992580155396 54.01222106553828 42.07027488614569 6.111191066778081 2.3148318803397046 54.42986788396447 33.555936853349735 14.66675772748359 25.036739381094293 8.691686907168586 36.59772889432853 48.35584526049178 39.91222363135085 31.989208066367727 23.019792169894913 17.004059990652625 19.13154752274682 5.496010155315 6486.333333333334 4438658.7060256405
2.243697768284531 43.01462927712145 3.757591537055964 2.0395662581611775 19.078545470483128 49.63021949950975 15.337309570621242 25.416453394973505 33.09752646724817 32.25824719702014 7.173339571773041 42.71159206952087 8.967918552849817 4.793472757117376 10.511397752652174 1.950309816385006 28.45793300997046 26.93651526697858 15.556334943659587 12.941886975630045 8.566933079011415 15.389422567596206 19.909399036528683 5.304094759809519 13.561075270154857 49.3175288964297 17.058879152407215 19.180631895554207 28.072918294497654 50.830298047970906 4.984688566021825 14.175741222479054 48.097251343493156 11.447362282984198 6.326781535271692 48.28588566887452 25.55006646005041 1.027622522271001 38.60414306350486 1.4982601912384998 26.737879886303755 8220.800000000001 4033641.809450549
2.324473670716242 8.068909122735969 4.001999436216355 3.7369343276607765 14.03733342832789 5.57830484555351 24.158812195429874 25.382167633562734 4.069976397483428 8.128156049149021 30.483393891809325 13.97865644070962 23.3268102441608 10.616754750478202 13.714372238257257 5.339828959191382 12.289822562563952 5.061261046623285 1.0266928078049387 25.040789282600443 11.443810031965052 1.7960408074770655 36.11710954994422 56.84520192006878 18.038944546253564 56.88596020742783 49.963740012849094 24.114766074750534 24.761465045736013 24.27046858946275 50.826105434073924 6.814834705348221 31.51015650357599 3.96244997420553 43.17332542508247 12.706119512526683 4.4799542448438565 42.26620411329712 33.45789969548386 6.947858619425323 3.3670306432807786 8899.2 4013531.6536134453
#
