# Problem = InformationDifussion
# Variables = 149
# Objectives = 2
13.729217563519473 13.33833615134489 9.258070178070051 9.819876792161736 14.375373811219932 33.4400595167901 19.75967857036187 30.958945160560482 39.30135892785166 19.570096766352123 6.759904401055298 33.24000517851455 15.084270592578207 23.180863637031457 3.405427756936581 56.289683753156964 10.806730384418076 4.726253390704652 14.830513288973604 39.43014244361816 7.47576172913292 17.318558545786324 50.308643489373985 19.638230348479212 13.823842805486741 2296.8 1555581.4491510452
9.902887925089265 9.37875265370388 50.64405228390018 8.98332018389554 24.47612778980964 22.56560140966754 5.919143395096707 50.97148640039579 54.94784580072138 48.90899873390825 4.686882883554964 49.89164472955869 6.293253165364616 11.309376523513986 6.601049619411673 31.397488743272515 43.96177197524575 42.52558849508324 33.513978136222406 6.9851375866964345 6.954433532162472 48.87820232294319 38.53202481465251 12.9287337769031 32.31278072165594 5550.0 1143410.5696153846
7.220191709394453 4.909150925360566 8.985028714012113 4.969265170748195 15.286298307683479 39.071035437191874 39.44147496999308 28.955689258304467 13.681573417847716 8.090374452412938 23.189192846569924 50.37577048820698 1.9583072384027755 10.990542448074807 3.628824279357174 36.70192740733298 11.537991853029496 8.822825573667743 6.834400333606842 30.595462426469496 23.348789924127995 28.76596613923455 1.376397429585753 23.84109919924496 54.80806128787992 4112.5 1230633.7823809525
11.844074955668798 11.838608725161507 28.458976448571068 5.278853186307664 14.78860134228493 18.365210243698325 17.899440367935675 31.586203994428683 43.39334415319925 18.51350620825412 12.664286500653157 1.5628661294865798 15.65699726267505 43.3708303162305 9.23432180736252 23.331997980344536 23.57599165576492 56.782243532404635 2.162094617080965 42.42438296582368 24.7660051511154 50.3910845557156 4.863994201514131 17.225390414466492 43.3698737401465 3600.0 1337432.1203361347
15.56651763573922 15.274459599133765 18.764510576085566 18.048475322554868 39.22440954423139 28.623857192210515 19.882054516585182 2.4693131739594403 23.38933008688408 11.784165533569714 23.162581664843778 22.766487885465864 56.35153023919963 10.245114432235578 14.203006171125388 2.9033134741096585 2.4884397245406475 28.032201459272123 50.18885465014863 12.083808435023823 4.81140458018425 28.87610445348089 38.05946760106296 5.402254859926762 22.542617123646025 2433.3333333333335 1440581.602892157
2.570088858944118 24.54480767838864 28.923081988596625 9.709955045274604 36.92713917779329 12.838509207252786 10.066178259139036 23.867769039423166 31.236522553365948 5.086857760753436 2.994468724898973 50.695903532861024 24.495794997472558 49.653174156260846 25.210446315573797 8.410642469538725 3.1236423678146634 28.291490718310758 42.512252528735566 43.21864512944073 14.17806619241546 13.016816101855424 12.210365924835903 28.90049011211701 5.5337523320423605 2808.0 1344784.0724089637
4.480330889055336 33.84926303630102 31.922184851806097 8.888992839145747 50.969699137410316 32.5914417649973 11.334275242932428 15.339378920041966 49.099703820107194 30.058129470636967 23.421660409334795 6.170812187729063 54.77819308495104 22.74688026135932 45.650855517884324 19.92351144346629 49.393242665028225 15.42127564026052 22.24021685928578 14.613756134215045 1.3242691750572648 25.32292262093081 14.276924223710116 12.249557622346217 48.79294214410562 2700.0 1404717.5962885153
#
