# Problem = InformationDifussion
# Variables = 149
# Objectives = 2
32.93975062436913 31.989166896697633 11.951541687728419 32.37502115894328 14.734263615387093 45.59139475331551 3.3090828267166574 28.713889536937046 1.8285640753502233 14.94922078736392 18.456211426318983 8.165604722219832 31.43114848793835 10.885330170991729 30.064170501077754 28.551326313577785 31.354541741581123 23.12737528301896 50.49769647258981 3.6331965919141203 38.11274357439708 9.550328903447465 8.181155973820228 22.215196056451763 15.19795152091403 17.695784106102657 50.386002776331985 22.52796896830492 42.48095988252366 33.32055734946635 36.337133755070724 30.920503820569163 13.46313164279417 8910.0 6774344.230588235
1.7095570072143995 7.179302962462357 6.025235824133519 43.87665344412064 12.616016345754025 38.827507133441635 5.505597045124512 2.999380807984405 23.580876078837964 28.903903440699207 54.76161664576586 38.4598577705522 26.130194216479648 1.6317116051381304 39.18148463743751 36.344730104009976 23.854834421121726 32.26826792835731 19.11916760960478 38.000653036831686 23.446653608052245 12.358449485264677 10.734382201937128 25.70839081582395 26.622050977376794 5.883861441907088 2.7702686257884928 3.9678270463375513 50.86745336331906 32.56925235518777 49.771960775073104 14.891726980345412 11.387024922161151 24400.0 4723470.536666666
48.90745494242083 30.468387567255313 49.673216529246396 6.757704470151099 1.9478707497567491 8.475467965861979 10.457602243692477 56.945262661322076 38.56288191820747 1.8441758733274236 43.25027179086509 9.558997645418344 13.673841947971098 3.149258647295648 10.601323381040448 39.41298187559652 1.2002628291964035 2.5889215993344963 15.822214703345503 9.701671777193113 48.72165508746517 23.35412422709008 31.42618042705078 15.077615542206626 30.629605985830388 42.674389564271515 39.94690376629651 23.970101637211062 7.895632643371065 38.37793801293202 18.0856691021605 36.16925755870266 4.837785897412452 15871.999999999995 5374123.041666667
4.456876604562511 42.68728477109496 11.906068626712969 18.648935388458643 48.30191344807635 19.839031757478622 4.799785814536054 39.36756258942158 12.615965284506972 49.15698667372123 5.571346426599815 4.37667205210553 14.160369517507695 6.301127020645515 50.039343980100156 11.356282703612006 24.320794493011654 1.8650003196311726 11.968518133678042 49.558665252599305 8.775447413032756 50.59249089139351 11.319852254661058 4.734841984089923 18.260981900527298 3.637964780334566 6.581893595550328 42.145340273786765 9.544942219895418 31.576764537054554 1.3751848378742224 42.75677369174639 14.86506947946019 13584.375 5599086.649642858
2.69163788343784 12.530135496350605 8.086597005660696 50.13028015028519 8.041762075156385 11.093763264939545 2.4044509372350236 49.733886029483166 30.264155337864853 14.685880661944816 43.91149910819643 32.69881626860055 6.697589446353894 43.84980894131723 23.729873360842337 10.618677014509903 25.068690898124785 42.16127122615883 1.0620746551614508 1.307544356768956 6.861637223551114 11.159119132777892 56.52113375959689 1.4801972726084731 1.2298537507758005 2.798464316966257 26.7508518000032 28.366103063940123 5.774346804394821 24.91218278718972 19.260575524018122 2.943556327004482 49.12769042653262 19240.0 4874549.851960785
1.8166486889318516 9.705746681352442 54.061342952366545 14.7154872014477 7.281221024359039 13.156207628574418 2.3082118720012974 6.479525490934067 2.4384059396336895 39.00101006875813 9.601710867879405 26.062552866146344 4.2095070916160875 18.628298083687675 6.8264462525375595 31.16800004555019 7.3581203772885795 22.87869503308929 23.12769866015723 14.651692215667637 3.955028627401503 33.61344312986625 36.63231853587842 10.173996426377856 45.05238697715784 9.397565210106734 23.03239565737987 26.986145956020223 49.35090363832803 31.89807102121332 56.75492030716007 54.512357286857146 31.59917648863757 9215.999999999996 6110172.92251337
11.019225115117283 3.6668333418716648 3.956072110324776 6.133911748884689 12.6731787719258 23.947239288870634 5.2488991947543475 17.615147484067897 28.704484499371137 54.834976449428424 15.338153788715104 23.999113445018413 49.31723861795078 11.08403174594505 23.87530800467571 6.8676409421184585 22.270435797439006 50.29585959800702 28.444498679865617 42.0474207706252 30.876831730127744 6.275413183317906 32.663953141599904 12.058181505015341 22.256542846544967 50.10785767781323 12.465458713225111 19.017698080494792 24.489553814760832 1.792642819713137 3.7422664420922205 33.27873149446938 18.969007917363733 19950.0 4822003.946630036
31.173286668391942 50.464509615205465 1.6732340945386976 54.59466599750575 2.8486809843567764 2.6023854694800503 6.864767203353224 24.211685098477556 4.095109203973013 12.20211867733587 45.00671477191497 33.47222930394903 23.56533589745048 31.158668448617057 7.927439004850094 9.544891987752708 50.0524350401734 13.26415666547367 26.101855607042175 15.922670885503543 36.0500475368224 5.130816818102141 33.663931739371996 23.62541908755349 31.01971557636556 49.757839179128304 11.110571904067022 31.468432752403842 25.275802750390667 23.681776195133185 24.114038499385945 30.63850150796755 25.867199154511084 10764.0 5872669.16547619
19.134409241711282 2.872836265808693 7.4607892166623335 3.7497308405077443 13.21496973491548 7.089322035202067 4.297851044939143 18.588972985713532 10.884329137298867 25.092860468478502 11.549991938500284 39.81448873820843 26.531598715868427 4.011717091457975 50.306372439371785 33.467239643909714 22.008040332709456 5.733854558748195 36.452986024523234 45.75521412903352 32.04878028548205 3.405570693085936 28.95858824150987 23.34834087823329 49.209058737932025 31.361965482810845 24.012309650791398 8.183486898463917 19.93047375752681 36.52879663163242 4.610787193828823 15.031437679579776 8.905676418536487 10005.0 5916174.977728937
#
