# Problem = InformationDifussion
# Variables = 149
# Objectives = 2
11.94275255563844 7.80270340561171 13.00024787598583 7.841084351326677 23.59452773303283 14.254545035213535 11.464481319081957 2.8459668591774654 13.399805910933878 12.936465342470644 45.924029334433165 3.0632220360067453 25.300991037701372 4.0194322224892955 56.240768248964386 38.098340249730555 32.43156034553537 5.253897424429991 31.01520555535941 36.10711889059666 11.047429909150631 1.7814303298543979 24.756405294887678 45.18804953519525 8.999438993019812 32.00075139037885 11.466004775850651 32.50863612834605 28.74601973986543 3.606354163450824 3.7572474357848535 31.888640895755703 19.84946888398432 25.97059138616558 43.225646753263256 6.027588938860284 36.917366979195904 50.807717022653236 42.45187324572764 3.2515411792071998 42.355618560063874 38.6356087689427 13.674333356166455 45.86740036968146 100000.0 4.0575755856339864E7
39.794347195071374 1.4910637695771838 6.069585540779238 3.005175306280848 50.64701959529992 33.42186368387132 49.99404750637032 12.356860711920065 39.20863054551846 14.475937123459609 17.013966907947335 12.26191287178802 9.823775171533761 18.281447113737745 11.441484596085672 32.9129941688149 6.558289372265962 6.964355855264706 54.99532474281623 45.6736861644076 36.911921242989074 1.1699316406191722 36.11284241261025 42.9909376473211 13.433757455105503 4.804633032641044 10.402331753194277 31.337013889568215 31.61901296165122 10.80181687728277 22.82287699753461 8.601333314009755 10.986891546184687 54.6246822302198 45.58012307275334 14.74167747629821 4.390400481965174 45.16469779357549 56.00219157554597 3.180855483158215 43.46914806994194 26.163708524368992 22.384183396288254 38.76191794003492 147250.0 2.835229077182935E7
56.26037125970549 4.989532719119922 26.812690370648944 13.86065255987359 56.02548704076573 12.034259900983757 30.826624332280474 8.823734832547155 36.556717280223886 50.51374030182676 19.495418814389573 48.426608651530636 8.728591373817931 23.617560994198886 12.866849894985268 38.83611291019303 22.39153111960643 6.4513781940958905 8.486231138205282 12.758612296576715 38.19639522599374 3.9230897383195487 11.210187680393323 1.6960657405952642 39.68092372270505 32.15566010737013 4.168035051223111 12.38637429539011 43.959700794137895 48.98917355097391 39.80177960671266 36.31435695413971 36.54487353864941 14.089003735604384 56.887158658050986 25.340701162610493 30.801795310393317 4.3598136309190085 18.208640858027817 7.264290284362446 6.006674590931297 17.254933910543212 49.810943108243386 15.715710690283318 122892.0 3.1177353780256413E7
12.35606353168068 39.660067939091675 5.297471152985184 45.20475687803825 49.40766224186019 14.18413197855175 43.44171923683384 11.13699201287789 42.7615798067121 32.86357174748572 28.134430706600426 23.415805741645347 2.818060552127237 31.141492879072867 3.1608315406705603 48.82064997107395 50.129047860292005 4.906845763755367 4.736812439651575 7.2455553936473915 30.66091869080338 28.622620620869075 56.12225274487742 7.611401399670198 32.913180756366984 49.66098389964944 14.985101038701364 23.35738681950562 30.22896300718349 45.61149525639713 8.282130912240799 43.216358860877406 26.760861016248906 50.32677026719577 54.876312832086604 31.40074124341177 11.719050393671923 18.479430649596253 6.689720073271322 23.12691360175211 32.4896364981914 18.937001873644235 11.406992957560854 30.22057175795242 115970.0 3.424409853976658E7
1.4478233065812933 6.499550876410765 33.916129455914174 17.785937830538106 43.73313545845975 25.78925749656921 31.996087301249744 49.17870554046839 23.96612051785025 15.923047463611884 31.78995081272755 6.127519689045482 1.463127461881423 54.06347692196883 12.68800622505931 22.742995533615147 19.07982464648418 10.722131042791002 7.117188687296014 3.2677240343884777 10.386686199636653 2.0900129008856476 7.327160496192741 14.456112679524393 33.67059710685476 10.047524263913013 10.09398135944257 50.444745269596865 28.10926694378602 26.35607556477485 9.829567613872248 11.793443258077799 38.591471000578615 26.709291156505053 3.551673877178768 30.78124576616051 43.57823701980509 23.822223777764545 45.64367407080483 7.179969949114131 30.5617722298446 12.249071686807483 17.8284280360182 49.30255532030513 143854.9333333333 3.04310024429972E7
19.954829310029634 14.098357082396411 30.15501619567388 43.38023502250873 18.58510474713445 48.17057360883786 5.374070226923128 33.28844257866883 5.717106321149263 17.886258369815778 25.579586924175388 23.098544238437565 22.02607378600801 56.43384796809721 15.042589190994025 32.20597638426994 11.059205495925047 6.5215090684298245 39.106753685961564 2.9742477820487325 12.556066701785294 18.296702544005147 28.649035572815247 26.321843332706912 54.51366855192579 54.31778563953516 36.279234849203704 17.286683887166763 33.68751128045217 4.076901591231106 5.3785401266664765 49.70690861322144 28.260571004544612 45.42010948140279 42.82025014381362 10.490563226179765 13.80266209755606 54.859697353881465 7.755539450206871 56.66003701401715 38.736965430145965 23.43958784997519 33.397047893767486 39.09726739906585 115275.0 3.864449914427085E7
42.434953691337974 30.054894222340803 26.868631328711196 33.67344516707762 18.35133337675375 2.625770753828929 32.17929776272184 43.10301150393076 13.350911279203329 10.739489925209721 18.59284295670239 18.409419373052774 33.340481641654016 19.61781731643468 7.562475564125678 1.0151146902879262 49.87998102378647 8.48170867331062 11.106926291431364 45.863774960919244 50.09625098825733 39.6255360963007 42.52788591758108 2.6900282803556164 12.79920310487673 48.43182523706879 39.36711402742416 22.11427154588921 30.645315691234675 22.561242921218554 10.243430707729143 28.641288075370284 56.273620944729856 3.0258583252941973 19.288536121342798 39.8345565178687 11.536564510746574 17.712762400111743 50.889695983956464 9.999970495938816 18.530779111216127 4.573676759390011 3.043304388677746 4.3386023817577035 104436.35714285714 4.008816663968254E7
#
