# Problem = OMOPSOTA
# Variables = 45
# Objectives = 2
9.39489586382456 17.093427030239685 12.815099530876871 19.500273440862177 19.984540119736444 6.835415620205702 9.072742389294838 15.343828022421421 14.139210595926274 2.12726083270107 8.213073354850215 4.7819587256408775 4.073163961800677 19.697655142657375 2.8014505892934016 6.982338486057736 8.205622248163266 15.242616124185574 16.888790891901554 15.977464966526453 20.0 8.907662513133744 19.92146608864243 9.188856782082212 1.0415242329888108 11.460698745361682 17.966031062890217 10.79954752902064 8.07566935407828 10.2380781873701 3.8265039564092715 2.1840224036361544 15.011158802300063 8.974234978909745 14.59734248996552 8.615096970085387 8.832955293835992 1.0550981180078165 1.0401217333924462 13.359065980645953 5.414637386626389 9.157495263056312 4.763853259274469 6.709441764082355 13.638640166684748 27.053725555555555 12744.932294805196
11.310777622697927 17.3039537571605 12.813909839227495 19.44271967932896 19.38766695122789 6.656126633230293 8.51890615450169 14.934103760522452 13.864390611929265 2.0143833217529377 8.222775516129378 11.892896977391732 4.0246613146491015 19.69996900917963 8.621584064361974 6.931119656568977 8.452616293049541 15.294599000578195 16.936437333379132 15.664414483687931 20.0 8.424754271988082 19.23422871363802 17.959461804126402 3.0923013095570275 11.163803259221723 17.865662891461348 16.829413720971626 8.582776645922692 10.61578461513197 3.364571409301675 2.164796832915284 16.329738861793448 8.493597301864453 14.664991999004126 8.742517331133381 8.701446607058 3.2207714565122703 1.0 13.784469729511743 8.778856552095732 11.721137141102204 11.157957913748241 6.563021685226276 13.36545650361317 34.25996606060606 12457.141387481963
9.16790013281596 17.051096335104543 12.696706164357378 19.344123152865645 18.11358019057773 6.613781834498363 7.999828116154305 14.629180523161367 13.73005330442034 2.1047834437073174 8.176360542393986 4.130967429008164 4.021774967330598 19.593360029233178 3.5006292919752546 6.418337686739004 15.648128789359045 15.433719299687152 16.83684797140315 17.254927081920133 20.0 8.880013951649591 18.758845863960403 11.74532432423852 1.0 11.938304483970859 18.79106044230921 10.12745862106608 8.205602416106883 10.492122002090742 3.5202109612947927 2.128242577024307 15.780004039335823 8.549303267017645 14.281627452877029 8.76707061487365 8.846870229767411 1.0050952076184156 1.2395888484378277 16.39606216858917 5.019622365721693 9.094897926020577 1.0 6.727654090652954 13.696296782787792 22.15542 13206.364597835498
10.501045788785394 17.571554498592196 12.620942035132893 19.32303933019322 20.0 9.701504918345497 8.195986465122331 15.328360015363835 13.778137790114688 2.061805634999593 8.128471725701859 11.613353173435637 4.057364815446884 19.69883240106922 9.754920065824884 6.934217436251402 8.778968485435865 15.22158430572436 16.903081618227688 15.95166374885636 20.0 8.469826536535068 19.07809305710131 10.547895374882492 5.854008817923371 9.632032484428812 17.86007385190407 17.755174598744407 7.924241321411854 14.315359557802378 3.22399010551155 2.226834063385057 16.2746478789295 8.423979674609416 13.90602464070648 8.358922216684194 8.33636867401383 2.002384987736891 1.2252598878387062 13.525312372003146 8.693855879096512 9.187879623249861 11.748589847378069 6.434460708341773 14.330839392434607 29.233917402597402 12468.28866569264
10.691213096435325 17.193171372091307 12.702271862613403 19.34590301614194 20.0 9.566869695563476 8.315978218533601 15.41085342588305 13.807362574205596 2.0506021072808385 8.154216093896398 11.783096638981934 4.4933635446728735 19.694663352487826 9.107040505981562 6.961213407915961 8.459062812773093 15.269650031288013 16.881279133530807 15.873840240582743 20.0 8.442255416037295 19.615740354949118 11.259204123530868 5.1722791840086995 9.7241555828791 17.846381230172295 18.461955011479517 8.0229775872679 13.115906316995886 3.2660539906506534 2.1611226747403722 16.31812960210331 8.463031151340399 13.89086358806503 8.499988061841579 8.442902983871257 2.5984405871165963 1.3371246841464521 13.452014232271791 8.756206879760736 9.081859745383328 11.59641480257926 6.487656401100481 14.068421813910685 34.187995 12463.133110137085
11.818286625946936 17.004133538153525 12.740403106116121 19.523166366569427 14.621024426542139 6.306655229579911 8.353623275246276 18.201865167940113 13.801852818115414 2.0017833825198412 8.443179310797548 11.830721935669574 4.426070556104079 19.726639756528364 8.599256264400834 6.922720560215656 9.407390447268371 15.265385932342527 16.871685020008957 15.93017443453993 20.0 8.333674719080156 18.10154567367694 20.0 1.2139180241737977 11.213909255245195 17.75608112094164 16.365851335153177 8.027374309384019 10.941090482637776 3.4287745136273284 2.003184650753911 16.54598714726959 8.33211937709787 12.301443786363336 9.012558233368946 8.82280464077 4.077633700332022 1.3592076738974503 14.32269417611554 8.218258965657276 4.797382707696079 11.814142371572594 6.503981129233707 13.592290785886616 22.307895000000002 12979.570098593074
10.495327905862986 17.6038352876981 12.614585331947051 19.321989478759964 20.0 9.727913791507653 8.185721583973116 15.321494471817317 13.77207066728417 2.062668025462763 8.12689572511101 11.618447620537408 4.034355460788445 19.6923367309559 9.807464738924876 6.933135005764727 8.716443523044404 15.227351342380427 16.910494397519738 15.948123953038852 20.0 8.471874989325244 19.098549957973272 10.628655103240265 5.862912773376985 9.626142396619134 17.856653272398592 17.84959548411539 7.9117882247602855 14.401543351672673 3.215719107994712 1.766562632159662 16.269992525913718 8.429435685877376 13.909881215155036 8.348422890276474 8.327142504838939 2.016921397250482 1.2313938736137353 13.517183096594147 8.763533079711538 9.196795469563147 11.777691806454923 6.4304937412064405 14.356989315300874 29.041075000000003 12664.774379978357
11.18817658505249 15.477206540433562 12.919352326863214 19.429524051240726 19.826506968663463 9.51937470239387 8.668092109606738 15.474753663359655 13.822464531034818 2.0152095151718754 8.172225859291158 11.597763163921696 8.353865949796957 19.647720671980636 8.119890956725342 6.966796270570293 8.769870775193665 15.319721021971578 16.63707480993722 15.891527360126137 19.507662359584057 8.418379270577491 18.48186527652989 4.414434063098811 5.72442531231338 8.56011458457721 17.860571075129137 16.34076993018019 8.469911726909059 10.248018578370425 3.241637336854258 8.826236765116011 16.35836289045488 8.651335068817286 13.916767079909116 8.801673455356676 8.727297111890355 3.139913924345714 1.4856033402345306 13.49325687992046 8.395557500868733 8.963741478534196 11.573004381196062 6.637950425830452 13.278380301446077 60.646991666666665 12016.571401767676
11.249616137970934 16.915777239693874 12.821179725264347 19.398241879654858 20.0 7.202564946167023 8.356677370036065 16.390838935328183 13.826288570078734 2.000503991948586 8.263720510678102 11.466788789943879 4.195743397673427 20.0 8.963530477283046 6.951239586532571 9.131278731106526 15.654203481995687 16.92501304193717 15.902546649545366 19.540191282571314 8.428590682851892 19.703841058777893 15.120120482877148 1.0407811547351757 15.963733990253967 18.050099688914155 16.733753804464445 8.099366324146313 10.51365687540597 3.625107983651033 2.00776579044374 16.31593335381775 8.424430246033257 13.445064558099519 8.896883241343135 8.790766627887258 3.6496363864704637 1.5202661305124066 14.233283642346962 6.241474870691589 7.116200381888046 11.739448445224273 6.383598303046294 16.571043033895855 25.618475000000004 12948.15401664863
11.0303503256797 15.52988963233322 12.92726945789659 19.447762549989413 19.362707533248976 9.327016961593756 8.657037171992918 15.47594094099574 13.786619629821006 2.4888855705760324 8.178132810287314 11.480075546786402 8.182026992638782 19.693314939161606 8.088136039239807 6.958343320070812 8.977698629111345 15.313370143755579 16.651755445799704 15.908944380497687 19.52839823966702 8.431426436456002 18.493488694470315 6.517463438850919 5.5040879998509125 8.77367735014042 17.889528410728758 16.30286831985357 7.007094793122604 10.164529064893511 2.968909697207981 8.322168391492736 16.368932739305105 8.6562755503992 13.7808926952123 9.045336429300221 8.76048428156696 3.0797935772081195 1.4726924724594939 13.541336383447462 8.227381158136716 8.888849338975165 11.214500626802254 6.6210267963441884 13.302837391063392 60.57588055555556 12017.952411868686
11.163630823837197 15.584833120529515 12.804622592012347 19.37691571369212 16.62642911476022 9.909540973734009 8.651458717685614 15.1508408420169 13.808166171992296 2.0123186634983985 8.11218016336769 11.841196713121748 8.57192348516492 19.656491924944383 8.00217688524142 6.988969849569394 8.551671634031733 15.309241663576092 16.61272743801004 15.816353627634816 19.42624640666485 8.405354786083786 18.692348083492714 4.553371219250574 6.316362599406094 8.283412101253946 17.88140260829828 16.93189303112432 8.52798887077847 10.648988095109573 3.185806772079609 8.71775502371212 16.37771836427326 8.656701483464072 14.209945289554671 8.68329188159883 8.648373953673838 2.716810942336381 1.458635217971933 13.343318378382605 8.077226484193286 9.811646548818173 11.816788469083018 6.597421864337476 13.36375263371937 35.125680555555554 12102.517505735934
11.100986676957291 15.697089197328296 12.853053190347891 19.394042633334866 14.840972866932036 9.624159779520896 8.611643288537604 15.351076343982111 13.814224046823075 2.0166208591192354 8.15914485116925 11.59051680398187 8.078054800180615 19.833328262407203 8.08199644922538 6.958043628745223 9.103893540929729 15.289775106054144 16.63017629805781 15.938342465158986 19.519055813117355 8.420559085517038 18.62491176973926 7.056634484916588 5.672299510361098 8.607950614419279 17.90297558891526 16.400002611834974 8.262099537423207 10.606754099149803 3.239701850391432 8.470318499220397 16.36164311373425 8.642437532780608 14.060469253412666 8.682040104967324 8.678709806712348 2.6762821460935884 1.4282326153904674 13.523173577958659 7.911500646903729 9.375954410918414 11.712027714423796 6.6088214784585855 13.35829792832779 35.076415 12166.374227958157
10.476293401106211 17.312229936529253 12.658914434998634 19.361154428524294 20.0 9.728205560194015 8.294943288129646 15.371059392895628 13.795995691898076 2.057220596548151 8.133317075443994 11.586965369838007 4.599740051543888 19.689045596760558 9.584868835759025 6.977676896487417 8.32878287466686 15.226571943313544 16.87874414149598 15.876050466024582 20.0 8.463610056036988 19.06767547885717 9.61600331830131 5.939589382481762 9.460591852640377 17.817716803892644 17.75716120096696 7.884367081092279 13.862087646028092 3.2272353356584027 2.6880558796291307 16.251968249245305 8.47468616841931 13.93036227077279 8.407695129805965 8.379679215559209 2.183414786076311 1.2619099555451645 13.367793047774219 8.792272682506082 9.174757515842229 11.942590039007415 6.452750327787441 14.222394917636718 34.685772777777785 12445.355332359308
11.010631116154954 15.49831817697848 12.935176297168638 19.453910837595657 19.259401440399387 9.279699276302763 8.664457278642434 15.480085462650408 13.78154303700529 2.605041900570323 8.180410259683773 11.453812481538778 8.231947259327804 19.70250894655471 8.04733269656604 6.957157462441418 9.02310715176931 15.314349989309724 16.649560209905534 15.911995676937716 19.5225368067495 8.433194914958198 18.48440768335081 6.8506528924856065 5.448495028557314 8.803475683808111 17.89599869603372 16.101862520091693 6.701815241947491 10.061014459074794 2.9106149088407443 8.346557560059892 16.3729213484204 8.661947368579682 13.849464979909584 9.107458296943125 8.77598760896557 3.0910951331762857 1.4754634902282076 13.556243606189149 8.182775769022083 8.86608597613273 11.132885905852355 6.630504939425632 13.288734778877524 59.79093055555556 12058.559911868688
#
