# Problem = OMOPSOTA
# Variables = 45
# Objectives = 2
8.797988789414626 8.12284322734065 19.950058216891243 7.276378000673961 18.72631841734568 9.587523266500423 10.302552879151577 6.100817310709725 13.917846624593816 8.745456965223518 8.750638849583808 4.848825280922663 9.834635969340127 19.6930606806023 9.015330020996783 8.992476893765758 2.6506873274581864 7.04149431220106 1.6709112490144795 9.357513938664722 13.746673445924738 8.148088965326801 9.63427054995299 11.857738154890548 8.261216247631744 11.77334448912194 7.239095006889849 7.399068009583195 4.057532145112077 19.9978147638346 6.839889307540131 8.898497936233507 6.335906080680521 8.277327866523699 1.503799147127853 9.469667075929403 9.842774683628255 3.8541832562047267 9.397908138619739 13.491306824794515 14.303023191886917 7.773392851843133 7.9140503206407296 11.116681512516793 20.0 36.86166666666667 13639.800168650792
8.256238206716164 7.445344091256119 19.99710925840433 6.642342992504742 18.554087918208637 9.195781409390685 9.9469788661831 6.127149173990306 14.86728654674714 8.30576064900651 8.999536547287715 4.881300095560564 9.805997614571513 19.52382442554658 6.148443170957982 8.9281742209361 2.7886283270948367 6.504110962800129 1.5683097317275698 9.660504832002927 13.838695206560987 7.632738047784503 10.129102004067246 14.036142108391148 8.606525115925958 9.685448459538716 6.220492169461913 7.652713674690396 3.4733358123507667 19.913642037488295 6.2353440639234 8.383450767661305 5.7877382826138515 8.089138932196704 1.6718913221736682 9.23358389580996 9.608709967491194 4.185679585325449 8.609793447348618 13.794865080768405 14.536574553081463 7.198588326689589 6.997665892984006 11.648881199958296 18.45197791743531 35.287553333333335 14132.24069503968
8.448047639853234 7.367464308703724 19.878142456313032 6.813156075776118 18.56615228003512 9.124034286952813 9.937525308656873 6.31774636901055 14.788509464566069 8.433899291365902 8.845073851516524 5.099152795506422 9.771574911364729 19.6692710763753 6.037582846232734 8.994179269147306 2.730218563065894 6.555451838064856 1.779974904455706 9.391408782330426 13.940255872908075 7.826918648588172 10.171839624157625 13.738455648915807 8.721724515396039 9.222539705170776 6.4093953656794564 7.669736632006418 3.527138886900336 20.0 6.455660367286531 8.33431838222525 5.701360507816705 8.160594667484286 1.744744597286777 9.189766112793503 9.770531484611576 3.982205695447952 8.578520881711611 13.664003746032026 14.26670320958625 7.121449652934158 7.325841060886491 11.619031133031328 18.344334351174826 34.199553333333334 14335.83844503968
8.306156982848117 8.158935923695315 19.98430881816547 9.55768476859218 19.08002273821866 9.312369165076584 9.501145710045245 6.111914810442165 16.187623775180075 7.918505082270548 8.851218320132691 7.670970568746974 9.174346908881091 19.60568273982561 9.314289564914874 8.275993195368802 1.5235727082456827 3.279000812484509 1.3014754010261034 9.036127240888428 5.789638973666307 11.994268932908579 9.220551951912135 11.120414971119935 8.764931766093301 9.917180419216429 4.872026099731986 7.404667059480271 1.6513799650524685 20.0 3.65923594475333 8.875525506669685 5.762866114643619 8.684268246257435 1.7200668067123515 9.49530001582078 9.547576726144833 5.359768044458113 7.754385979992528 13.438160666914339 13.723589369859134 6.350192005024221 11.209442554115624 6.642338943569211 16.56498901378451 29.037983333333333 14669.485883560608
9.069095873735389 8.600963698998358 19.474853534421364 6.681465357171299 20.0 9.863478110379472 10.211048666320295 5.8316942639513805 13.193326739095575 8.493056567761577 9.456840276460527 6.055602262902443 9.062108623795977 19.36168321631806 8.959986447033812 9.504786491691304 2.2205815555105004 7.94480312458097 1.9158340111853516 9.213214118442512 14.040874464128068 8.969641989883582 9.669977133003428 11.961336355616774 8.193319641048546 11.63332474270672 7.119245190221022 7.336242891352848 3.758032482387767 19.90445746299692 7.743505011038955 8.422785869261613 6.148963053036903 8.164805637015345 1.7536790601514762 9.422498394331816 10.472522250041054 3.20389235157605 9.541974658085378 13.972751003012052 12.763613151574155 7.738323525804241 8.183456048908909 10.225759094552647 18.438709697766594 33.153422222222225 14597.36717142857
8.452246332124874 8.095029953991594 20.0 7.1778967021645474 18.93310715086174 9.34271986177001 9.774580782144653 6.3558212426531355 13.569424599426638 8.617344234066985 8.73373264306964 4.9595176794724285 9.97845525759405 19.33222788591562 9.136881161120419 9.361176089086104 2.3890065878915934 7.748155807280367 1.8422742441265105 9.194172186738594 13.730998343808533 8.596443834541374 9.795412777250109 11.239972248441264 8.212924502963533 11.596913067633444 7.455822036907909 7.378356934962342 4.350114844376738 20.0 7.248771281329969 8.451439458233644 6.5846285030251135 8.365424335491866 1.3606740162734243 9.398149180943609 10.233976045918812 3.081107604134459 9.204411865628254 13.91375175421374 13.009721839791409 7.561581349990396 7.989778584642314 10.245664610855533 19.66504374840682 49.02715333333333 13495.375418650792
8.481135564615643 8.146438556624146 19.669527388030083 7.089775836074613 18.484042423472758 9.83407770735643 9.984542856396786 6.089533147917509 13.92963725824688 8.494162866945885 8.873805352193624 4.893264170570796 9.824428285316865 19.91662993919506 8.703351156694922 9.011239022643876 2.62220546614416 6.967249980009179 1.592910559908701 9.4461513188883 13.808717588694423 8.135812199309806 9.486217281953557 12.254683143533024 8.425669974081828 11.640485966405198 7.185230465434145 7.499726067590347 4.043966043959463 19.690243098877424 6.933532989219226 8.979849240667583 6.383886231319136 8.175137535106801 1.6372647628213146 9.617960906809826 9.843109802687492 3.780806660890118 9.330635319981257 13.334556950188372 14.33205894195683 7.59605710380505 7.823221595028219 11.302450872852193 20.0 38.96304666666667 13614.829679004326
7.968148853564205 8.120697928983102 19.800384829617936 3.168905076435163 18.534920412948892 9.1953552895503 9.70570301974869 5.920765970631909 17.27614556431958 7.59165812630468 8.869681492037957 2.7256542995336375 9.674782167118527 19.608861232730398 11.011620378083888 8.211368504741626 2.348624340446847 3.3396212570898873 1.102949933275558 8.91842711529755 14.277841870076568 3.6838537472998008 8.513184454571768 15.886567168443484 8.683935859188315 10.716878142836043 3.9963933872294946 7.5193584978725 1.388734202613783 19.99813421517334 1.9887729380105792 9.000993723853098 5.776453360259948 8.880256872597837 1.4615631759258236 9.683887975518847 9.018357772549182 4.0552752760832345 7.915443605531792 13.276598630360343 13.231702413012046 5.929105850899787 3.512602440136131 17.39851896255673 18.02024951632057 23.88342 15891.065740873015
8.068576486726696 8.022416979786888 19.808207117751156 3.9271082622461457 18.777076775553123 9.459671316952436 9.680994623235502 5.686248121033682 16.921326354381655 7.741649706258858 8.952519442851056 2.8880321668690696 9.660038224300191 19.69305127753632 11.286849963793586 8.482391699103413 2.2376912228737162 3.8133750085004947 1.1773772494242425 8.902526705307608 14.19642667589742 4.457939575743332 8.656783042522465 15.069722870638566 8.376826757015394 11.170926480034758 4.53785518132319 7.601251764264316 1.8251702016517797 19.9286203624637 2.8495507304951744 9.141726567582106 6.051692464076489 9.012871690530595 1.7362392191392844 9.537983580299656 9.436916058234814 4.0991486660927965 8.03011889092743 13.134870733152034 13.352062959105547 6.2927105973246 4.154158627979169 16.646765578787207 18.061395718905064 24.043420000000005 15038.329950974026
8.007335982881793 7.879748365216428 19.701823788391152 4.272086080778951 18.434889672058915 9.210619311387346 9.784557599585007 5.779436692717525 16.545366286276867 7.763402813785417 8.870286344041128 3.449223679452085 9.79393391717869 19.71433958018336 9.75063568826793 8.633689213678927 2.52172787356387 3.1458845345090856 1.2191842331626654 9.042270677149453 13.961692190874166 4.957720437046816 8.901782365797127 16.253225270121753 8.537272970613484 10.567727574509458 4.637458789298272 7.679455131285004 1.8811963943199719 20.0 2.950966774465919 8.775287344887753 5.866588476000278 8.73428158607969 1.4562519834990721 9.52294247194619 9.090473471328732 3.3059650647787597 8.295802179388163 13.3445023856474 13.496681091006325 6.155775139702493 3.4236778862514052 16.1146730577523 18.702388018741082 26.261475714285712 14910.349517640692
8.34328575214644 8.196431205769281 19.88960834882228 7.297932001407535 18.646209315667235 9.607491504902306 9.717904648669203 6.137438170943007 13.585613833913417 8.438540448248228 8.647112828515732 4.876262520735684 9.610733758327788 19.60581097791885 8.788843453948298 9.402143618877142 2.325995001545238 7.241231789125565 1.6631641918317908 9.393784183246423 13.73147384516272 8.448745060595705 9.76180887429799 11.93349472049769 8.389390297628877 11.77067752259263 7.162205090256813 7.313837306335905 4.028338946088098 19.59262666852137 7.06102630071825 9.074889281081543 6.423805549640905 8.01327984411559 1.4480699434671838 9.572093291314864 9.93528801400714 3.6416278074996633 9.234229635511047 13.410066512717284 13.839381413976426 7.540126549078764 7.969898328609969 11.265290365993227 20.0 35.927553333333336 13762.948043650791
#
