# Problem = OMOPSOTA
# Variables = 45
# Objectives = 2
15.905454280334162 1.6071022345882544 17.15197918410511 19.069149142860304 15.464970415411052 16.32117664695379 16.333325943590626 8.774303941188219 2.33627307884299 9.645584930394852 19.78741547128924 15.511294380017134 4.720105686517903 13.31871887873346 11.246375821697237 2.3382317888204853 8.857441498460492 8.474172828745433 9.390844020031418 13.758981516548477 6.822021970379716 6.100897438114395 2.398706237237141 16.599506922206988 15.08255828688179 16.59858042603282 9.249123454477791 7.948195725920391 15.993632565131923 3.3155474894094517 2.962406598761251 16.23373856374769 11.871305297314336 6.165029653196185 16.89959138889955 3.9351941309510936 13.422415563379941 15.845587125139627 2.6531621571589348 13.344400588997962 10.911603684964362 8.82472582319376 4.369544749597409 8.343077302736686 19.23013522285557 39.87997000000001 12127.7882237013
11.964429890380492 5.175509964126048 16.093503216941528 19.732375219463773 15.587242303046587 16.71184543529584 16.810865766423337 9.208041275034153 3.8834900542000437 9.73201041820121 20.0 9.422638826614472 9.187000787784514 14.209669790769548 9.861444909000573 2.419353123791993 8.718306400708443 11.231356412679242 9.142690601014055 14.770207389700031 7.052342990211392 9.740258688218093 2.926527800242532 9.497777818467389 15.523428390937362 18.111050575731728 10.881938662627592 7.9305516411099815 15.591134500148573 3.9933410397798013 3.3763282743992455 16.377913648623622 11.731055093048619 6.062337929825089 17.633664001144393 4.905858706006704 13.33730407416577 18.81606196787852 9.00285034613017 13.400229454903297 17.918061999675732 8.98811395415324 4.709171246386662 8.891528398822313 13.09638751784421 24.13428 12566.331098701294
15.414344308433678 6.236663447876461 16.36335077998735 19.01485434696403 15.323598254898135 16.60342556766785 16.376082282688902 8.886717417273932 3.5403520275885847 9.608146341489787 19.75742764046241 8.684366073902563 8.731953992771297 13.019116822186236 11.45576341822942 2.0621348643902953 8.591177131369532 8.094836026740174 9.531624774161504 13.654947241648083 6.773261056921123 16.100790138717056 2.3492429743034675 8.350590372711084 15.114847035293216 13.382612233785418 9.119043418145361 7.6166736203233505 15.426725463414735 3.0722867050156397 2.802214623445388 16.166481795589288 11.695298514125946 6.976537957053964 14.418257248306734 3.7581673631445676 13.630974629202637 11.04956194661636 6.817640134896375 13.232498827111215 10.211193318116889 8.869954505329869 4.366691392687804 8.348410973429075 13.191525714835246 49.19671166666667 12057.574092261906
15.41583336381848 5.997383285848375 16.397057744296156 19.01957623913762 15.3348342244721 16.59439890896715 16.37240126597475 8.88664828659877 3.4716570874877153 9.609125062493648 19.761525160791837 9.073411268380314 8.638008048722998 13.051123496187623 11.412161493820413 2.083580123784115 8.606940284732238 8.172238602905049 9.519598066827932 13.673247228198777 6.781235471197453 15.626018679095395 2.3637777900709755 9.024161713098477 15.117159694698117 13.587502023769826 9.150173478721836 7.646487969413899 15.461503070387083 3.10441480955467 2.819620886204026 16.175328016779535 11.708401063322782 6.951334266425748 14.571682885072585 3.7861897922508083 13.61677350750257 11.475011622240633 6.57381107261393 13.241663467772273 10.2897557799911 8.868888432985571 4.373089719895433 8.35748985930581 13.49443256790468 48.112445 12058.864679761906
15.430907127479674 1.0 16.596325645135725 20.0 15.50718004848727 16.351442829946883 16.512289326015946 9.33967035152947 4.020865449860171 9.84081905278367 19.829132361026403 11.666626834481983 2.1015528620971513 13.475018543690327 11.058706067415834 2.1035669049515553 8.7957908874664 9.114008173985447 9.249562803175015 14.378148765690346 6.787194821485051 1.0 2.472937807010176 16.458008584668452 15.428068002286468 19.86741369939077 9.98010017953015 7.594021104395562 15.917548152786239 3.09374932151275 2.973386696109488 16.325503810876118 11.869641231458964 6.773914368631839 17.54747686410885 4.010037368937048 13.423167576764648 1.0 1.0 13.343863755117168 20.0 8.916321825669211 4.548656194682581 8.305721554214932 19.645264323406433 24.35133714285714 12486.15149960317
11.324399007345775 10.38767482319073 16.56965944605198 19.631948604723572 15.434028786197466 16.212436993215885 16.681136227301355 8.883352384227917 4.1528007159631315 9.850946342671422 19.941191187753997 9.187439112372434 2.280288670979468 13.631346431524543 11.427477089958803 2.1374855907649795 8.72973950039848 8.555826084387036 9.728661627403962 14.382870358994163 6.801120009075695 4.140639949341573 2.3107662565319664 11.550878880045401 15.48345528297629 19.16372200354761 9.996421698324948 7.243531300006285 15.457241206448261 2.914183868048109 2.917249271185146 16.08480212825378 11.508651515337315 6.3310574410717555 18.672144324131835 4.146034383280867 13.349859225698463 7.167260624670686 9.045964791831178 14.282679938989881 16.855539132730833 8.93055628447693 4.421806502510666 8.505955071527449 13.265255813541508 28.591337142857142 12253.237591269839
14.216953524032526 1.0 16.528937353500993 20.0 15.557534712235732 16.37106775502308 16.385813495259935 9.452326460864763 4.038063061863937 9.8458252899425 19.87482813682893 11.666408732886747 2.6564657126825377 14.006184056661118 10.673327290733035 2.18980281232828 8.930833140095045 9.819547461948115 9.211005661114395 14.582867303964425 6.814694457824343 1.0 2.6108968035786186 15.775427599381889 15.497026510033212 20.0 10.339569110457953 7.696882680270216 15.960674133838035 3.3376641836374294 3.1015910502703927 16.367273242478657 11.957999210349346 6.522742280791692 13.133625014635726 4.315021864778057 13.505652232030517 3.2634807538524115 1.7086858298915648 13.381097733634858 20.0 8.941097141882926 4.6214458645716086 8.452310579218109 19.288818108491395 22.15542 12787.70446298701
15.444237435893468 1.3453238195231636 15.258659590043054 20.0 15.527151708014218 16.29365928238533 16.722219824367468 8.952862867607855 4.208211626551534 9.883813680903062 19.863969143183745 11.200592352703898 2.325335441664386 13.539980937182886 11.329750355361092 2.0932210955826043 8.721300657378709 8.754382919993127 9.259505448238256 14.356150472807231 6.726014682044947 2.193185015314043 2.402418517791935 17.32768645493776 15.433008375201691 19.596802612590782 9.843208748453138 7.424711137470155 9.174385777105108 2.9468245371119197 2.9957426150485813 16.248011844998484 11.559755374753651 6.331428012945684 17.18813378587521 3.340846350805698 13.524050568943927 3.859752724553705 1.653060260939736 13.38365472037136 19.197713258318775 8.468426403915684 4.191775666933049 8.206862124171218 19.144031141159978 27.60280555555556 12309.36446626984
14.290255362728935 8.914789976377469 15.15517366124476 19.648195003060756 15.491241483678335 16.262920276822523 16.832113592646454 8.704639593419412 4.205942539997631 9.868600322845719 19.87707844465462 10.168558392305952 6.054807072254384 13.442614832658785 11.52429240661338 2.112717878331202 8.620125265690762 8.447301898103856 9.44924207757929 14.295896789581855 6.742072639267081 9.916418710716474 2.3244428895148808 9.294640422877203 15.424159750676877 18.71893481130254 9.76869745693472 7.333297105920038 8.781991264284853 2.866657631212709 2.9528521259533727 16.14441343115785 11.37865590611303 6.1487325691943235 17.997850993769575 3.3075979927343777 13.446625548030092 7.756748925657638 7.808178027850421 13.765419654512318 16.31832674843988 8.452437276344254 4.104473253709744 8.274695691689303 13.89157163795522 31.47403 12214.889053373014
11.581970019816579 8.140885413330398 16.614497172536044 19.59070761582028 15.43093071275163 16.175403796867315 16.733871320473472 8.858430079555353 4.139976964953444 9.857908808667041 19.929699454264746 9.282654046859117 2.2442473980470394 13.591825804751236 11.524944520933872 2.1286705363893157 8.738284597476651 8.406763904326153 9.555228592755832 14.353606464245267 6.786269053433661 3.197855845071751 2.2947511778069316 11.659965753171921 15.446119721644575 18.62525039310477 9.939115150701872 7.219660022804016 15.466541306451646 2.9356882501065047 2.9322761874053027 16.073808707367544 11.485054845905534 6.394446411780798 18.481209232098724 4.085094792396686 13.348802708240777 6.83032394392099 10.006540446705579 13.86882300066236 16.332211479434264 8.92976874551467 4.397762561082426 8.472231775590188 13.523977786755164 31.34333714285714 12224.247938492064
15.730592088287889 1.0 16.96213959433753 19.959608577248964 15.337550161055486 16.977664610077817 16.807891306021936 9.207362555644849 4.240780488964358 9.805116404820392 19.860705556641435 9.75197049097794 1.0687543577617298 13.099876160783493 11.268645482608095 2.0324886098986013 8.536895296614807 8.34002214257489 9.311618199281494 13.932421150225197 6.7131548055011985 1.0 2.396491050590508 20.0 15.293866867796972 19.817525867070724 9.366757829376384 7.453254331303293 15.142566329016951 2.897369132970582 2.9969013542148626 16.335289850482482 11.541787745813055 6.44446513120993 20.0 4.001179281728876 13.751107116375074 1.8044901988078355 1.234426786485845 13.023942712812762 20.0 8.871230283628382 4.473844721666604 8.229426194370193 20.0 39.09502 12180.921774206348
9.174483176104182 8.277928626434818 16.724098167329956 19.9792776833174 15.418544975134422 16.07697408257678 16.837904940055843 8.836099615562942 4.29626423290927 9.93564148457795 19.913643908709656 9.258880280432198 1.0 13.680072682416036 11.60117897001992 2.1294544760860736 8.782751470996947 8.326847497416178 9.56497750160516 13.944798633158303 6.773570483118279 1.0 2.2506932583045804 9.572931444049706 15.479453443639645 20.0 10.096170739751129 7.041030160322757 15.282085500453388 2.8547101169258196 2.946346839152294 16.059094033903627 11.42265792468125 6.31841519368783 18.48525778668048 4.133852752101663 13.286854137570636 6.543632420786194 10.748059305511845 13.959850554954409 20.0 8.94384108554599 4.395463395936253 8.434558910625245 13.897434774927437 47.39202 12059.109613095241
15.712237715985745 1.0 16.62105863862155 20.0 15.467495044135127 16.41491957346663 16.50856419707572 9.29625157982381 4.027758542905836 9.823247674914809 19.832606862042176 11.374253057064996 2.2017825039409193 13.343759323225918 11.263831281900309 2.062632494226518 8.904253564017676 8.71489466674692 9.285760308658066 14.22829410223411 6.768411687948309 1.0 2.4123086433675685 17.47506201105255 15.435045468220402 19.6522930245766 9.747450186673964 7.540271171001932 15.654215474748817 2.9836866166416423 2.929949683333876 16.30538779361557 11.82830677156625 6.953064771905014 13.01155981703328 3.7482312883399387 13.561816144196973 1.0 1.0 13.287618635727771 20.0 8.890491534055084 4.501958433090837 8.248895834312291 19.71620141053826 26.817855555555557 12328.393007936505
15.829945738505456 5.310758566176709 16.96295035881475 19.11866085958839 15.49538335804995 16.30411813250666 16.37644287914079 8.789557407216163 2.434289329455721 9.673897114569483 19.747369713504767 15.664915108746621 4.344099269268062 13.420163930911734 11.151377210226018 2.372833144093681 8.868938544073767 8.20664061623266 9.347158865035624 13.880222064979671 6.835940590772194 15.522864286623559 2.3759976377377985 9.509549221150177 15.120956711490125 16.929219050693856 9.405978395069905 7.945482519063327 8.517736051883777 3.368209659866593 2.9997196904064523 16.252225269208918 11.851021692056387 6.038385670161305 17.64712628225542 3.9402640440054575 13.408207471637594 12.61244181156238 5.721758849279639 13.364897638840432 11.793318980339112 8.78057676083325 4.362718013340766 8.35202254575825 13.89547034411878 46.871970000000005 12061.546284559881
15.38694231067382 1.2850872633737471 15.068427599408864 20.0 15.528785661087454 16.290032527144938 16.766340831558463 8.942756895842304 4.373395486062582 9.901351690861103 19.86745182706067 10.873186858459611 2.1108795300829426 13.535783670803724 11.363055575886925 2.0708453489069267 8.699879009264665 8.7308884768125 9.255632566346474 14.389868201774055 6.716741520676533 1.9639551488058467 2.3941001543222624 17.49359211598915 15.45601424605083 19.78675137424367 9.867810748108866 7.372479516664227 8.432490532490448 2.905248141123718 2.992985023025853 16.241723379345604 11.517518241737873 6.340415579695162 17.375085009587238 3.2634447437677667 13.531071055436493 2.341714716452559 1.5848290213382146 13.390749655332039 20.0 8.426696708012635 4.162429901983391 8.191271871077534 19.165613265534425 28.24280555555556 12277.09868849206
#
