# Problem = OMOPSOTA
# Variables = 45
# Objectives = 2
11.874063420063344 15.832885903321937 13.861065800611632 13.137270093793889 11.710645963774125 11.57621630247805 8.952147195088106 16.662505866895728 16.474905911574325 15.25683180730517 14.335254400723732 11.555907378233838 17.320207412049342 13.657159307141125 15.179255433581256 11.518460207945534 2.424998913593173 8.782284197027584 8.668668404742691 19.44189410651786 5.142406456184261 17.28824368394493 8.12964743864911 17.422223116068466 8.454058869476277 1.0 18.822203982090667 8.862669378763455 8.274187890906882 7.755399809034401 8.425754576353654 1.0 11.59850618277969 20.0 16.642459502970954 1.5437556960363352 20.0 11.63938240142235 13.03226767983964 5.620209367392251 2.9493141906258784 4.997194672322692 15.620902030120325 8.907523384604001 14.376315257195165 22.94037 12506.341764267676
11.601028809440828 15.361232981877066 13.842609099738786 13.125398244096077 11.70200001187062 11.830634668826374 9.07867969565075 16.736642348289042 16.80484745317736 15.232435212958777 14.39978717663245 11.559043480465109 17.333795599399377 13.637451106114396 15.090008153307632 11.800583137458334 2.4075049353778546 8.784528216212502 8.767779999732431 19.429514745588712 4.810784910106806 17.300587673389515 8.144819796510538 17.41841312260273 8.479030616398752 1.0 20.0 8.98386310658316 8.182740928071915 7.6154034493100635 8.656611516332218 1.0 11.624278980750342 20.0 16.694544166043727 1.0 20.0 11.667623287542803 13.012541664986516 5.603570147815942 2.9522544092069083 6.210405087367914 15.587744044380914 8.946641149757541 14.271461057953504 22.15542 12542.444819823233
3.1040259469741063 8.177104139358827 13.80636900904636 13.028074331470995 11.828038957336434 8.927964715664274 8.645772965889499 16.64247194349683 16.343541925766328 15.419872819875486 14.867646075260625 11.805366157266889 17.410936867303732 13.76222492846906 15.16676507855494 11.842260534916145 2.3955715247679095 8.798630036471867 8.606244478547314 19.578344410154394 5.950384169830684 17.254054050418432 8.228256403794614 17.524269563920573 8.399849288839533 17.019936961986286 15.463700547488127 8.780178321872981 8.240013240385627 7.693511455191807 8.553984313035997 9.824078988019973 11.560059324401601 4.121621236201249 16.33290060016086 6.09712299823398 20.0 11.616180007032847 12.591460865015929 5.244740443945718 2.9584202409545295 6.457702103150027 4.76535579203782 8.799609907578416 13.897370163653832 27.09205 12493.927826767675
7.07937157862458 8.565010111511759 13.78911857594463 13.005471097937614 11.847807528781514 8.796119180087649 8.582908147067432 16.448398202466194 16.33014037074064 15.357393018811244 14.777897991807823 11.509285616378362 17.421757532863207 13.698405636250822 15.14884676838627 11.7135055587737 2.4143068322264623 8.828721496794786 8.545203218440625 19.497161542323067 6.322557238613344 17.237015565567784 8.194203319146249 17.69602693336044 8.337181372992166 19.336625862979965 15.955549383685659 8.731205701369227 8.351786147438442 7.737973537145765 8.518629072618007 14.701703153452788 11.547346827093644 1.8080014228058436 16.324123583804028 14.229699893778314 20.0 11.667470164411025 13.252049422060841 5.25546764446297 2.9170750150787077 6.443525353834804 15.620859160579537 8.77613540468077 13.951915760442663 27.10805 12378.11707260101
17.955451859483727 11.837108485960592 14.043155617310394 13.05094933011139 11.908682184352461 9.032683069274166 8.648113534259057 16.195254286939562 16.26820446983674 15.085775905619816 14.585616210615939 11.577476347913814 17.38965377166773 13.392464653751837 15.011774884974859 11.622568935041988 2.4148683558021995 8.82041592855394 8.508112835860896 19.48706603321551 5.877183937176513 17.270772524247736 8.159036151561372 17.926088518131294 8.441614556979973 19.57496043643312 17.158508666788865 8.888864677964197 8.358797068478077 7.655519592497819 8.535212593055556 11.618651119164808 11.551742600536807 1.7078354366809234 16.4420045479528 16.762534974678168 20.0 11.829777492349967 13.04863555531897 5.315110003525475 2.8284232305267594 6.465231559963027 15.789505039494552 8.825024059830582 13.981921504737112 27.050266666666666 12496.359086489896
15.785702812893799 3.8674286702082963 14.08609834079322 13.430653586207544 11.967214558429635 8.122557253199417 8.433876922147466 16.294678403972657 16.174751594814452 15.458674142290507 13.21269323810668 10.630093859455759 17.460361947020065 13.733140200283875 15.359978335606025 11.676144313160904 2.6231832581852235 8.874628567038636 8.36271525952173 13.397381250973593 5.67277906716165 17.469044578539123 8.020056974309483 17.607373882278974 8.417446190251868 14.708465234400096 15.478683719788918 7.018583470274376 8.765001909597734 7.963487390415875 8.455065313872261 18.32949924250662 11.398854522653721 6.454603274901928 16.435994051073887 20.0 19.471452171711586 11.07645226061391 15.015586956569384 5.054577632371374 2.854946365845252 6.7759140960906485 8.115928814872314 8.566339123375391 13.716775686083595 52.99887999999999 11923.761957323231
1.0 9.972879321861312 13.913538547631155 13.072839712041958 11.892627052865612 8.599183985119243 8.440309043136054 16.16913145891018 16.316702505532206 15.455195406822506 14.442542954507582 11.134676182654568 17.43057497350839 13.882962167898294 15.30005875593408 11.597001058787 2.4445603577805706 8.873924152043717 8.497301757840617 19.226403265807235 6.431599996712536 17.08525411121663 8.194119051881694 17.49808840245125 8.259271848046426 20.0 14.857871573687332 8.394936503322922 8.460639525057864 7.85150093523208 8.579270575731606 6.5298624813081485 11.599165599278617 1.0 16.35567051060438 20.0 14.571088479785642 11.606631364970998 14.352129011322722 5.250651685975386 2.9741837724038236 6.554194037413862 8.865746006285725 8.698909212942265 13.945135100599165 30.13179666666667 12230.006553156563
12.064273494376518 8.315975476471287 11.353774122046588 13.130836194948909 11.896045147833425 8.31411704036705 8.589876063165448 16.140781039709108 16.334154300521533 15.497728173424177 14.177208265992405 11.362843596055514 15.720335107642486 13.555825820319216 15.309641893227628 8.26998564393807 2.49251158362711 8.892894332480449 8.438914648012345 13.574655798354634 6.858356439897125 17.436987314833956 8.092152645318224 17.56923738414227 8.20214463093299 20.0 19.430602460728316 8.022130908325588 8.686332856249965 7.927648270864213 8.553576198048264 18.748102892278652 11.522007161319273 1.0 16.354119478910352 11.59256942748855 19.20801447449312 11.364967892816033 15.05174687647185 5.24739726198954 2.6074078458830647 6.7644899547738815 8.21772155136292 8.726570536166399 13.866617216221975 40.208350555555555 12057.18815972222
1.0 4.200381199636806 13.859898223734268 13.149000736953722 11.79059291616851 9.567403722926581 8.913203730206613 16.942160663156507 16.36005297218695 15.295814616377188 14.529573334488044 12.410328187432322 17.389704610438365 13.533088910750488 15.007795261567567 11.935150242329598 2.4430290363792877 8.710453076106045 8.648289856954833 19.47331927007537 4.913494207231051 17.456374655746764 8.181829489085057 17.740412684711192 8.597506952992699 16.317633582647975 17.292765290625812 8.663941034157652 8.28442306039983 7.567002261906252 8.509882419290909 1.0 11.448385326269142 4.839119972062016 16.458085106401672 1.0 20.0 11.575242080791963 10.93741833410002 5.26231683271786 2.8922560739285186 6.378989733795228 8.85781196027326 8.852432148883242 13.837194443296006 28.038596666666667 12302.301331439392
1.0 9.399762353182886 13.880981853085201 13.06275027908029 11.917785800448817 8.059442367687456 8.367530949774935 16.063244540846362 16.22611705613306 15.50148630727342 14.526810344400962 11.030415038244717 17.44518274428898 13.889164990154574 15.322822954872239 11.540487914612514 2.4418857737624253 8.88775592098234 8.449810182421702 19.850218078558036 6.831220771728764 17.053157837092446 8.399154070611313 17.532852797634465 8.189365682764375 19.877370703208538 14.25276477062059 8.37605615065999 8.516117284701139 7.892386198248548 8.569087105457546 16.585331840803264 11.600676740617795 1.0982438501029232 16.28886878771403 20.0 13.833480912540868 11.634937465431424 14.483129778114161 5.212150021380991 2.9490260018450414 6.554255340947283 8.21422510194106 8.667224732466428 13.901272802625114 41.27965 12046.371553156563
1.0 8.896637914660271 13.844694778476283 13.027469091636616 11.888090279363103 8.321783507404811 8.457010122120453 16.193861136894665 16.258130022893727 15.469400567483818 14.707018991502544 11.33945887931393 17.430015175710338 13.846277317868818 15.259946113093763 11.58867220532749 2.4174790922742777 8.856908612826157 8.498237837145691 20.0 6.634093265607715 17.070162587971872 8.400420448849822 17.560175600045724 8.23462698480746 19.632938330059634 14.637924073417778 8.611499386718455 8.43930136587428 7.822579680802695 8.574258689952924 13.839210171805021 11.599714445456222 1.3309217197381247 16.299633425618023 16.6035690916326 14.628635992960296 11.699419496399027 13.742276958371566 5.241670817765445 2.9523963648380946 6.499132041024675 8.328979587214471 8.714492653066564 13.913003587506164 30.39182166666667 12213.665203156565
15.064949441603115 4.787729315900593 13.786261621937113 13.329149504197387 11.91952206822662 8.762036137068163 8.628523585966935 16.39326407070278 16.395572825810916 15.429117725233084 13.654865240794308 11.556618061752445 17.20011661710772 13.711720935197384 15.281487652837317 11.305607993167877 2.5629612080554525 8.870101978930327 8.475877744180073 14.957364316911585 5.557276694528193 17.46813643634042 8.047303554941145 17.640458096413028 8.415950580038814 20.0 17.04713297733444 7.6829290072554075 8.55376328089865 7.818361832254653 8.544159862365525 20.0 11.47535632526671 1.0 16.45143982935955 20.0 20.0 11.138543704172248 15.085980207367575 5.132170667796215 2.8704269114015495 6.9111591385511915 8.6032544024145 8.684914978945462 13.871659781180867 39.860569999999996 12066.967261489895
15.694119148856604 4.798719749228789 13.798816788060318 13.372028871750137 11.916132864531859 8.698819389089765 8.597204423909941 16.461407274696917 16.33672936510418 15.435011099536997 13.583811063975569 11.44931594215517 17.29817085397454 13.703369737156041 15.294946655787436 11.432162366112328 2.5793718575076 8.849766465588125 8.463919091562298 13.09334469443056 5.385460102100986 17.495073377229115 8.035045176575663 17.51288234505847 8.460907983292364 19.600726956725413 15.335602225706422 7.483305599512485 8.586898664456964 7.836150529674909 8.51343338133826 20.0 11.44465932330532 1.4201809226306166 16.465806836303848 20.0 19.114918228114963 11.119203444588265 14.029455495942852 5.113657139722401 2.8529115979593693 6.85050349392949 8.586200090879599 8.663450754914429 13.797057356892452 53.102889999999995 11886.70212260101
15.772089843816143 4.424094120993396 14.14959558972311 13.41085923693311 11.937192817125295 8.701295232712944 8.589860651599974 16.437765295644795 16.36217618872489 15.419140785299868 13.385219400882658 11.414426599927923 17.4625114011763 13.71515613991641 15.285675448692547 11.849943394250896 2.600227712993992 8.866419578294083 8.453133121067157 14.28392353686497 5.2977341335036225 17.520226517818962 8.03383678950716 17.67124516179387 8.464242544004305 20.0 14.448271000890085 7.345784288937843 8.57495679387169 7.828009607001945 8.518973652228397 20.0 11.434584971130805 1.0 16.472519655517075 20.0 20.0 11.040040368854626 15.221434473545578 5.083498962897118 2.8881535308701056 6.939462377535026 8.587191232522429 8.651582010521375 13.830632765340933 39.75655999999999 12073.467886489894
15.871492490320911 2.3841336184878887 14.053106630753188 13.415262113271952 11.973766628157533 8.143936230874315 8.513530116115067 16.36864908174057 16.341187480718673 15.451011664317969 13.337352077896126 11.394566490922374 17.393241060020394 13.726809424918416 15.300166537994148 11.734482421560191 2.612583742369634 8.883987839313253 8.419921154989643 13.51222763849601 5.475196392831542 17.52952161498821 8.024942397275067 17.71109876833299 8.438569359953988 20.0 14.433108759527268 7.204739459058194 8.613880857723462 7.840178578158502 8.544101519546135 20.0 11.421743492248849 1.0 16.423042271532733 20.0 19.943081941500914 10.988222916378902 15.744249569560964 5.002965952848203 2.8725242450556663 7.269968555458002 8.22934407961571 8.61616587447288 13.745113102208656 52.88001142857142 11925.09502934704
1.6564762313966557 9.764879003966428 13.882967607330913 13.054097748657043 11.91104789933381 8.263798386559609 8.395491514377776 16.098613272687114 16.258767189172037 15.495211211109385 14.518935926199633 11.099124243043358 17.442201900638988 13.878971208719996 15.31383794673158 11.562254892203493 2.4415148118269094 8.885012902172571 8.463399499970757 19.870217683314117 6.737766224073041 17.06611196849683 8.292002898926722 17.52973416443728 8.215774111199538 18.888123081710958 14.512744666260152 8.392594052399334 8.498799520483573 7.8766115635447465 8.579049328353472 11.035368206255953 11.602338014189638 2.101093227017847 16.302897388465812 18.55282392453169 13.97475671531386 11.630689436570103 14.474829624272331 5.3383982864844315 2.94949062722818 6.588254035662549 8.591988476417157 8.678350671549135 14.01882823572343 34.28765 12180.154396013708
#
