# Problem = NSGAIIITAGLS
# Variables = 45
# Objectives = 2
3.0909360992739363 19.289378598178303 8.714650801400696 12.9252613087673 14.610606626250787 9.84481132297421 16.24972935428972 3.657063827087924 20.77459663476013 17.213755068691263 1.030849876663046 8.405475070694212 2.8950334312357504 19.369789909375662 9.969168180310357 4.348856229219951 6.344078005798018 5.644719537204764 10.670959797402013 8.455582349913778 13.419925552102365 8.162807241286465 6.477420905467264 4.611599284521079 6.928837557301287 2.008385955477449 17.485685760131773 7.83922483223414 11.977983713718167 5.727761768981095 1.4213850707823452 7.161338069816015 15.543532537827389 18.347136850261503 6.516925690125997 6.9605934633791815 9.897978702963346 1.6195217833632594 16.952430596724586 11.885225720467202 1.6228076358490364 14.2998577753619 20.373623544944614 20.9659130350966 6.388851673955982 46.10116666666667 18823.98358232323
16.749676858103385 3.986952533713358 6.024128248584691 7.276902871033657 8.655345721786528 15.268673626775145 19.09114933148977 10.603950972128773 8.010851566643423 4.373693509435428 11.88636896937534 3.08486418166609 6.160994978835251 13.144778094858461 6.1971998821560375 17.368507627145814 20.762317087458996 9.557280983157634 10.465283137374762 20.546663821926376 1.7689844066683982 2.38788099636888 6.770655272542426 6.397757521165837 9.211113386843667 1.2586017775764837 6.168805437472818 20.918221806519973 15.829757281681884 19.42418107276081 15.143442475014682 3.3435742128991106 10.925319325357698 15.86599357337526 9.371626102386326 11.258591609128198 20.85170941216469 16.65547080405034 8.055396305237233 2.2302088229622266 10.342906972397456 2.959773865859797 16.531715641305567 14.347682822492352 6.096985448630175 50.96061666666667 18598.029868235928
7.295849585762209 10.066059232732403 19.186663437794486 9.367045553348953 4.70681076807287 18.59293197209906 5.8193394261350555 13.400228207768162 20.589289776912224 7.465399339885031 10.587043285467052 9.080799491429918 6.018698094943556 8.303783431315622 16.73089747515359 11.009256245035452 13.67091318018833 6.912819705995908 6.963557338506592 6.270670537645098 13.069449862977708 15.279190390050378 6.9894037268912905 13.024069440063887 16.66221099377667 1.4140547145814732 13.934564547285204 3.2034127769586838 1.1065374623080606 8.165162780940555 3.4809278304555433 11.37664116130088 1.6431763488135056 4.475241360131362 6.782325965457419 16.17207434665957 4.9039124458517485 18.716389629083842 6.798731101820248 1.6325148206156594 4.622557459445893 2.643047509319322 10.851347902143688 16.379264443281883 11.717667745371456 41.446644444444445 20549.47504411977
15.912701747071672 1.7995837147767704 2.1878199188836236 10.630620581782962 7.914840492167039 1.3918029444368498 20.885225498349158 10.524384673344398 19.759489055072667 7.753621751407176 15.658837315035884 15.543722020527879 17.011249229314693 18.583287587587915 1.0855282497861731 8.162707046843838 7.3117569410669985 6.1142144972214645 10.254446836940867 1.7496505703130918 8.498516773381212 8.687756124803244 7.129956312677302 7.596307949225863 7.856730774299996 15.600580845573889 3.6469139145147165 17.424933565908802 12.738430236796347 19.51804067510571 20.2928206256825 7.9523539355038535 16.183218189238282 4.702728255400629 7.344714953024856 20.999520381237495 5.211379574678221 17.27130764841241 20.79156971439467 3.208765474656986 19.90483541469675 11.432433972873694 20.43739641286161 19.130364792824114 16.387555132853656 43.626916666666666 19802.86135732324
6.3653475966540745 20.59752419799692 8.275845261301058 17.772244733086374 6.431607176730261 20.543541815788874 5.196632907091166 11.891909299433557 4.4878619412548275 7.124375138288015 15.13633176273689 17.13522142026368 2.994707026485884 12.327232204276728 17.537491714912427 9.075422084101838 14.526700735499382 7.2265391648324 2.7996274440151083 5.832247271902465 3.7251885553089523 18.76233197078694 6.68587641786633 16.548540207168124 16.824939105396737 19.20531228882771 3.20167312521764 17.94629194158769 16.816394431802813 7.51698096166283 2.954179629919816 16.96303355198723 6.429830438152407 6.431911238866504 12.363768984403821 9.568519617516975 13.12731691709976 11.552335774912464 1.966904380789164 5.349880375746004 15.365219807966733 9.837931844699803 20.830729058137205 8.916377090285053 1.39243481552508 43.95851111111111 19380.802690757577
4.863855689523849 16.159518222318884 4.432337123248539 6.345945629288388 9.579020985991036 17.821612216953987 11.617722197081909 15.411882695868139 1.435428828284965 16.315902449682437 5.749018333388632 9.340204006502974 17.00118812349586 8.044438497987091 4.082787127405275 15.132609293237214 15.65431221707848 14.888787641785473 10.28178653744794 9.89441219345249 7.015867637294988 16.32312199374104 13.62080400638159 11.286334736810689 2.131180199113202 12.609095354016217 6.113803942242713 15.341272290821603 9.436949765519433 12.609703511152853 8.619163690901052 4.052874218522902 17.52647157359891 4.713763594222414 14.833828071822929 3.07234945845645 10.807708475985274 5.560128396510396 18.915417054028488 1.9378727428291265 16.0594407259157 2.981550242738263 10.838935583664238 18.89064341836015 2.1528933171306877 37.8828 20915.818696013703
#
