# Problem = OMOPSOTA
# Variables = 45
# Objectives = 2
2.873837884905409 16.731590815444935 15.057642138959528 13.36179209160355 8.170249221121177 15.623212125150662 6.771468602292652 11.130366399340225 6.434644416832223 17.46959417941182 20.0 2.1452952930025386 15.936748581934472 1.6515370894856365 8.101092359292913 9.147932468095116 2.489934014328903 15.265931684194667 9.325124722197643 19.55657411820545 17.17808219843975 20.0 4.181687748112818 1.0 17.864057368645582 19.09155306390882 11.210561914271313 11.543180194145126 7.948061137501119 14.523107541897934 8.772075758269427 14.030260960370759 2.976030624427043 17.40994366524493 11.66627426077668 16.5144365463583 14.225123169472225 6.646350389088002 13.076434746714515 1.9224599246443044 8.58634731472917 8.793554808247253 1.0 8.75359557803837 13.141304240194172 24.028370000000002 12554.323336363632
2.7888167628475578 16.829254225873218 15.735504661489495 13.207612739019284 8.328347724263825 15.648189572142847 20.0 11.09823022355913 6.478606207532946 17.36214949980821 13.173678993010347 2.381636039859634 15.766182879869454 1.8657488023349722 8.120298802469376 8.396932599505458 2.5014491016171885 15.230257557883002 8.232989960327762 19.86814357431267 15.769654964382914 2.7081873203233933 2.342388432673528 4.697118073152698 17.528515409882104 19.133674296028325 11.495701003155862 11.350084692075182 7.918827453117965 14.406933109745898 9.252217174166072 13.822820818652563 8.084682975993898 17.512671475483263 11.412141053095967 16.487832706726664 14.014744864040793 8.240974696675055 13.533172118291082 1.8886703043349864 8.590251306180642 8.90116712833545 17.537686855402495 8.53199318061467 13.922375548019325 36.51896055555555 12177.278749062045
2.763501266869957 16.736050845699193 15.632407726335899 13.187627813355979 8.291581512452941 15.597897801137108 20.0 11.146434924371048 6.343290565176272 17.343703432351482 13.173619656933312 2.9610097243643416 15.642980708166068 1.4525358052566997 8.119406267145106 8.921121834108172 2.516202003498525 15.281653073772016 8.011330189570506 19.884386850632204 15.694385405875813 4.207064204931282 4.878759982156378 3.5904801258932943 17.57152152658664 19.172043168914616 11.766561851303905 11.442777087888135 7.715572694035858 14.467786414569371 9.203706466564922 14.037147885720207 4.761622818451961 17.1737474085925 11.250700000604379 16.323441711783452 14.21525380629447 8.413380519123384 13.863386855868 1.9405548603428853 8.58103500442097 8.92057704584324 17.537736894507006 8.619009515543416 13.97912273229794 35.15221142857143 12195.579374062047
2.8565354904026754 16.59792448096916 15.185715961775657 13.34766351418646 8.189659039091238 15.620602143532905 8.567018604455589 11.108073510103218 6.45494694070662 17.45668811705388 20.0 2.1755175239169255 15.918734455193542 1.7339333841053932 8.111552387288137 9.123346219334117 2.49250771457911 15.248891054795713 9.242259406407394 19.55703620753015 17.051139185130097 20.0 6.240415343942455 1.0 17.699925968733613 19.05273211110743 11.252094982491341 11.50923923102584 8.004291367187008 14.513542953554518 8.841025644802777 13.998782707798096 3.921816718106143 17.560504398571066 11.640645870059933 16.49333634577944 14.186918738725122 6.91384700759745 13.081385254123301 1.9050194705748125 8.589833092229266 8.801626410419027 1.0 8.72897691233223 13.267511784518078 24.55167 12545.354168506487
2.765680850562364 16.879534474766345 15.770064140455416 13.19594337178271 8.384720898136372 15.690476063345498 20.0 11.083942666289797 6.484250501507737 17.274544159888315 13.137514319215192 2.2722482219378035 15.701037357430799 1.764195501958446 8.09964605176262 8.204689202524577 2.5001188716979366 15.208143051433062 8.38267107955184 19.890040826850335 15.898854715342265 2.2426058539542844 1.0256933596290922 1.0 17.531634155572558 19.15065360294632 11.466379460005522 11.322091775877075 7.91521633366919 14.366710458033213 9.396961902679982 13.746153487737805 8.515969418566167 17.61089128927737 11.282908784178874 16.491263997495306 13.922889188500612 8.472747756118357 13.66487456449244 1.8822019000475396 8.621817333783266 8.895199386634173 17.781229066542956 8.492688591946578 14.082691519081651 42.69981142857143 12081.733749062048
2.5991263611270985 16.93527809054711 15.72345474671037 13.172438428628274 8.35526733116302 15.525859679694175 20.0 11.109368599393711 6.6794515868381446 17.22608442033176 14.290957508002206 2.23533223202502 15.749643712548144 1.7273594184898933 8.13410634434318 11.58152373818534 2.509654089647759 15.228670604889327 9.066874292606412 19.844530269848725 17.299260570794537 4.654694501775872 6.437985266879359 1.1823119700094566 17.626203398595898 19.003955164768673 11.47789948598236 11.484097653863838 8.456571276030367 14.421778565487967 9.359050545036265 13.78000658381626 8.842741369629232 17.61312695345094 11.357045128352075 16.357279701685652 13.894376407711006 8.380249334045777 10.507736745536029 1.87451279866188 8.642387878433585 8.893791588784124 20.0 8.55827030956571 14.02393880940732 27.179291428571428 12438.487429617602
2.739991079048705 16.637332658270378 15.796937362215589 13.184068991189383 8.376760078710983 15.625417205432035 20.0 11.093897456283079 6.431225941917978 17.273993499171613 14.094661674571313 2.541111289947785 15.61406397148556 1.762534920508051 8.083021771286887 8.046640930199382 2.4996929414753883 15.230940961601494 9.080960988149588 19.920161097717536 15.854106207575029 4.007389329947548 6.615686500377289 1.5106630211379732 17.397017366006686 19.1529317289068 11.47321710195588 11.281964161614395 7.829207539205026 14.385803962451165 9.459006106874519 13.78353552861759 7.895707612031478 17.649775537129468 11.559011219840082 16.443368616460354 13.857927461256837 8.700842301770525 14.244604771080061 1.8837715293331834 8.63658190272979 8.8940031879158 17.054496490038765 8.50507898610555 14.2382042922416 27.60813888888889 12309.61508239538
2.8617180436300247 16.137353238718728 15.385020562901364 13.222412848775434 8.245142040046474 15.641278817243885 1.0 11.114301684650966 6.410026266647212 17.411199870306582 20.0 2.2715075622601453 15.849348770255398 1.4895534470672978 8.054430272363659 9.120679569797954 2.4831915671848135 15.335472317116464 9.54842927151753 19.833447723152062 17.160047367122996 20.0 7.205133680458514 1.0 17.762648251960034 19.28018523880609 11.013495288405375 11.510069930581535 7.691997509124545 14.416562049989377 8.890917288219777 14.02192477431807 8.005043626911666 16.763479812603236 11.739350871047654 16.631029361666 14.159014179711875 6.655279856639455 13.341568023691774 1.9402868626480911 8.616057152758847 8.868089528641065 1.0 8.713800010835632 13.287496886390194 25.516325000000002 12541.316118506491
2.806098042638585 16.958684057235523 15.660397281787574 13.20413093794781 8.546544513498079 15.63738690625516 20.0 11.110375424427385 6.356393118082033 17.361420545424128 14.17889093297855 2.8893238614460577 15.586451680261606 1.4196105139550952 8.073604888823343 8.34362930491932 2.54235587971129 15.276039982457737 8.657031033923472 19.829745986835214 15.709651683378242 3.258636946483223 4.185327395193307 1.9771169430103255 17.695103805461887 19.22048178562311 11.491265037719883 11.320368346736924 7.581883487020368 14.461549045817266 9.291757769902796 13.998161938617159 6.9083591704564515 17.155820236196735 11.16371173276735 16.51768317038974 13.985066490466696 7.927441407331865 13.858011828230328 1.9321210737623002 8.565422916107075 8.890113154631015 16.87546418574494 8.570004225781398 13.946884963501404 36.923291428571424 12167.571294895379
2.8029317650828083 16.977022840334612 15.665230974070582 13.2020164633365 8.587105969965181 15.633712156006052 20.0 11.111252418061468 6.3626496998515885 17.359590363885317 14.265564128197806 2.930660783433342 15.573352702793047 1.3971797191336213 8.070729116255318 8.404878686858995 2.549276758342946 15.278528138053227 8.665529764270223 19.832688588583167 15.711410248357014 3.121536112097718 4.261161638439378 1.8826923969201586 17.714476868308108 19.22858382064203 11.504003660344333 11.317912209910673 7.581181979502354 14.463651488095476 9.302453550374507 14.00764982229481 6.943051848270279 17.16546539284213 11.146920994471593 16.51677971606293 13.903454238523972 7.940177695181222 13.819352318317355 1.9341159949221494 8.561471432315605 8.890804913558034 16.904617084875937 8.570606182332982 13.960030480374968 36.57129142857143 12171.97129489538
2.9135139805661496 13.809668257725331 15.065796877091007 13.204244794875475 7.993107118918546 15.66431105763863 8.266401766328409 11.14920951702954 6.458418126110892 17.510126683268144 20.0 2.1401743371010946 15.81128802462688 1.932259196317544 8.263979195437214 9.223113754940261 2.5542093656376865 15.223680455028305 9.483259883870605 19.23843563973965 17.3752043615878 19.061087403509553 8.141026875456385 1.2242202260649266 15.782711953250898 18.560079495360235 11.676741756067367 11.985752829269634 8.079272367696088 14.645364398799629 8.30101193162404 13.975028603405221 11.053526704922302 17.74238037359453 11.584587180192075 16.572568199331428 14.243151225497536 7.958500028399932 14.772675600404694 2.064813866293088 8.502446105201834 8.90833137948107 1.0 9.169181832667416 13.610560652165155 22.838720000000002 12746.161007395382
2.7653228026233085 16.86973639832611 15.7566475049948 13.192872323849416 8.37539314647012 15.675046687515511 20.0 11.09175900623709 6.4548258932559 17.27820606863801 13.217167035939339 2.4293933424516307 15.675511303579894 1.7008796957767187 8.089813193985957 8.237589178695305 2.5009753747315377 15.224207160628852 8.323415851969466 19.894615411858123 15.830619017600148 2.680033796328721 1.8999200945372214 1.2417859872109946 17.545118781717715 19.168005804925897 11.499792495192079 11.310800749201354 7.866857168053574 14.382876631642482 9.386501003373377 13.795651884512427 8.142767226376368 17.49835212691411 11.277791619137517 16.48975111426037 13.928465004220945 8.39748193640578 13.765521747232357 1.8915377416823624 8.612802797388886 8.895215694362644 17.849023414129494 8.507553665070121 13.810448681452062 49.69181142857143 11994.333749062047
2.8059247134524807 17.142202005408627 15.687284873647329 13.201304652880326 8.59010046601386 15.634940893514745 20.0 11.114682097276567 6.336283628112857 17.35865597819315 13.979309358127802 2.97388098621063 15.542942755677213 1.3514904912277097 8.053564884764677 8.241617717919265 2.547905528952531 15.285153266049946 8.30247276156816 19.834064864878762 15.639243631981666 2.1130323874076655 4.284901552108064 1.9234693714122693 17.805081625533795 19.25653132876073 11.484926900929974 11.292451931823706 7.480607655704602 14.465688157747103 9.324834661973412 14.024480402363944 6.904406604685615 17.04151789572117 11.099120475375244 16.524752044744794 13.975255663294178 7.896370644466383 13.889955335750205 1.933246137169207 8.560487818278714 8.89106090922619 17.159522170403786 8.559868169043446 13.954595180501016 49.33981142857142 12020.63208656205
2.8161188957658445 16.506885057632775 15.636241893439385 13.198928508354571 8.343792886692608 15.63061512387593 20.0 11.079599404433793 6.379565397068991 17.41182768132534 13.891838348357801 2.7595110938450453 15.674326924549566 1.2566922420929016 8.097212699218321 8.672968824851592 2.5655990892539315 15.293377531206833 9.542295787525772 19.9567972896933 15.773737496782978 3.2146051714866886 4.299849366432863 2.6367396276330393 17.688734015514335 19.208374692777305 11.492138575412545 11.420071059071537 7.742863374183717 14.408021630910806 9.304207602182686 14.016537391956748 4.928541601240353 17.398854353674025 11.380071415226976 16.47232548889263 14.049060693831173 8.087554428731774 13.702661410418038 1.9358333730803499 8.597638712575323 8.897102221473261 16.50462816612447 8.547550746935547 14.028253747692315 28.160211428571426 12296.470665728715
2.841144110787742 16.72353611536759 15.102152874508139 13.368106688323811 8.212121571397622 15.58152266207444 1.0 11.12585331658578 6.3997482210781484 17.41981309678429 20.0 2.2551727373973964 15.906312157879412 1.58153638372825 8.111437892662044 9.027406121760759 2.4898431992933445 15.273602754572506 8.245922255485624 19.489733544488576 17.49412387111809 20.0 7.686262136638666 1.2020096675950849 17.78617906649902 19.073353223978586 11.442109914208672 11.574344441044799 7.120832579722192 14.537019992185193 8.838843360363297 14.039339103964519 2.0811980438448865 17.28228530529498 11.658819152338623 16.391536698592123 14.258611122812315 6.7901353146660846 13.570547428825845 1.8924374025733997 8.580572307854327 8.793722450062319 1.0 8.650832018812983 13.197502799502661 25.76793 12535.134886363632
2.7851655938508264 16.28569874696416 15.70424342994555 13.171163465856779 8.37935060773 15.686628639242777 20.0 11.101500627626438 6.446226310499907 17.28170514015078 13.235317710933717 2.571462479603325 15.64389489865392 1.6411235697695252 8.163703018627473 8.259662891891303 2.503756304103181 15.085354145263032 9.832378245446229 19.949148582445055 15.900552177591035 2.9739616171002012 1.9184506970606732 1.902013179808234 17.19625060447534 19.07989900223748 11.653978683341238 11.407369012372811 7.980005366823621 14.409219957221213 9.274432786249884 13.781416375031592 9.024574455942105 17.472720196579488 11.575990586068114 16.52953524970873 14.226448179517662 8.534242044518823 14.064545667754924 1.9270283582079912 8.581407966134913 8.894239818445968 17.5038964627031 8.262141473302645 13.850983086010459 32.75221142857143 12226.737124062047
2.786300273978782 16.35161370746417 15.682464524327903 13.175759027058255 8.420760802276348 15.668605163453933 20.0 11.10564907408702 6.434983053904291 17.301407768822344 13.52229305482698 2.6681980335515085 15.627878740698227 1.571725831106649 8.152415113741501 8.436107759778272 2.5147535019008167 15.113290409193645 9.791192295868921 19.924064331287287 15.92446585568341 3.1307512605704617 2.4354531311008447 1.9947386308654806 17.27837606020191 19.095740411366155 11.638554522251653 11.409947885348407 7.924137481318659 14.428247259740477 9.242750733273569 13.836655361712404 8.613040975007024 17.396850854149687 11.519743027205088 16.528041387924432 14.211293060870528 8.391957601313925 13.907224774448377 1.9332197238357678 8.57286859149644 8.89267943218107 17.151836653270763 8.306738677431673 13.895582890317057 35.50421142857142 12191.73670739538
2.746883070826899 16.783251992499327 15.753592513221651 13.215561590205347 8.414309806016073 15.705860061182982 20.0 11.049245013670863 6.5938162699618195 17.28162329171012 14.203544561579264 2.043059043377717 15.985626222538627 1.9955692712038904 8.220744052026365 8.727330209935104 2.46847445882736 15.164152611038974 9.388778355683936 19.979173716258227 15.28608437678851 8.20704754152371 1.0 1.9626824143405426 17.438943726250756 19.16331549700311 11.32055565330383 11.119407780285686 8.354180312510326 14.287393551937763 9.445192808097548 13.624212177286905 6.528177132476118 17.393910068894435 11.51738976571281 16.22244053753413 13.972352861278697 8.51458379504351 13.059403187921507 1.8472848747840285 8.653455597102983 8.893322447951055 17.12582728101585 8.380921586133315 14.156436354577519 29.931291428571427 12273.162586562044
2.9030750211457255 14.191416111827294 15.089637965148285 13.198327671270942 7.997986780911742 15.678797937123072 1.186156162548755 11.159493628550129 6.483230989353975 17.481078539100526 20.0 2.018331866587724 15.814246057218499 1.9777987139418303 8.265255077890659 9.191612920768792 2.537345345565075 15.227625874334889 9.226653482646375 19.224956368491984 17.042117396011086 18.135523997224485 11.18647713876847 1.0 15.943804944956282 18.64314928871747 11.45937112863508 11.993484183588924 7.868549561865576 14.62353634693218 8.325349093778547 13.943567066907924 11.343016535870367 17.516886849156364 11.513414680542741 16.571410204544577 14.16523301753804 8.150849254458068 14.735706484326524 2.0687547841045593 8.523560713786045 8.989176674433065 1.0 9.190759262778242 13.698422331184892 22.15542 12774.211132395381
2.906458978108699 16.314933560112852 15.118112006216228 13.359402866163096 8.606734445151353 15.619079636010982 20.0 11.11881095686793 6.338782670428466 17.497686833386982 20.0 2.423203203512865 15.825820340610226 1.3382109630888177 8.070102243355786 9.547860064077458 2.5702213572324943 15.291027909379089 9.8065300236507 19.63963480803108 17.4658055219025 4.116469786984512 4.8216635256356595 1.0 17.79768680860738 18.945166619042613 11.684641140509953 11.66529240430747 8.028356021107935 14.60875544553164 8.735781610274964 14.1792408442595 4.270010919853925 17.769800446246506 11.32083255318703 16.514640914150522 14.270620485521265 6.361472436582883 13.011258136410198 1.9155638208180943 8.551618173526649 8.53719542634923 16.78875657994856 8.829623314442477 13.064273569762618 22.94037 12555.598935173157
2.4212317993443735 16.02526858229877 15.55119064685079 13.197303514928366 8.255447676560783 15.692983934635556 17.731360944159402 11.110870390563088 6.442341422407604 17.346474511750003 14.18438401232897 2.3071311755679575 15.714814086401129 1.7900965578819155 8.140933435600795 8.182342396302753 2.510743880255375 15.075143599655735 8.71153455935128 19.69159078113094 15.440204512613464 3.960269327154956 4.247004275380742 1.1526430743831064 17.144414125214613 19.019850496066528 11.482143344413226 11.506547840482723 7.817887012205849 14.452385561985338 9.057711023576056 13.839957524043456 9.232067957522903 17.49648505248166 11.345925684463033 16.52889179714236 13.985632752220825 8.341697940273393 14.405803022255913 1.9480874186038646 8.582892164729078 8.924421221118921 16.406019075783767 8.714528441537386 13.75598757164209 34.17129142857143 12202.311682395379
2.8530881903041867 16.432227203959325 15.062825534290726 13.36432605217275 8.119987795258076 15.587102905973722 8.005727470523805 11.134175046408995 6.397246582025888 17.43634254178503 20.0 2.246705933256557 15.925985763624798 1.6253448437213516 8.108046073479679 9.200280619623156 2.491249612481286 15.269755908188172 8.5217162120993 19.41469714487702 17.528521449469633 9.672599020158666 7.233202338922155 1.1773349853336472 17.684394378735487 19.006201090196157 11.399706048138555 11.6162075352616 7.211162276958831 14.5536961728769 8.748633040034692 14.203218282704068 2.4682703193486706 17.406628987537616 11.655390084022404 16.40391188716044 14.308958841631695 6.758090234296131 13.549549646604328 1.906532576008443 8.597742470974922 8.794345014096583 1.0 8.751457092408742 13.138385436172936 26.291230000000002 12521.072053030299
2.8310780308734484 16.827060608847578 15.664292102005911 13.25098344472867 8.644151029734063 15.64879433936619 20.0 11.120659699435407 6.3472638713306315 17.407792548520277 14.310058009941438 2.9121884146693677 15.553328897855348 1.497434618341772 8.08877853848376 8.394782892303597 2.5748850179357072 15.288161362260414 8.822588501196055 19.8213785782683 15.609637298459738 2.3025343424557283 3.9520669712682595 1.9442872477701711 17.69875670548828 19.165634059816764 11.557655724069656 11.367689868196498 7.0632424577206825 14.601538623506206 9.290540423004977 14.019994845717747 6.747016883502423 17.43522738547238 11.11083241904613 16.542902721463 13.827314335597908 7.970842037829651 13.81030866452155 1.944959718235397 8.549223392645628 8.899578937280774 16.821922234962845 8.551599101100349 14.06029641638111 32.186685555555556 12260.53796156205
2.8201210034294477 16.991765697443952 15.666141322819266 13.209995754555665 8.564389511173479 15.633239701194746 20.0 11.106804051526183 6.326818578263259 17.37136539698777 14.125065178090066 2.9383507957551482 15.578470416749111 1.371250469668572 8.062810816898676 8.070439911725611 2.5493129678909043 15.28453740468279 8.685731363219926 19.831939529554308 15.513480061952118 3.169347985979379 3.880964487361528 2.1120314156487443 17.77899537664839 19.25706739691425 11.474088918884958 11.28399921603634 7.443831473325173 14.454601097307789 9.32076011240005 14.0337416433326 6.355108009983202 17.115705974608765 11.149929282054417 16.52257751101973 13.992462891563147 7.884449651835455 14.080241449059589 1.9320070488427497 8.561507812053307 8.877939719391646 16.695577459731354 8.5621547761485 13.936613118003697 33.819291428571425 12219.804628228716
2.794897111708366 16.631332255610726 15.557227681886918 13.17641218327466 8.24964393081433 15.610971884650208 16.911849041919417 11.160865268395927 6.32156268703901 17.398211576667826 13.924848738051237 2.822533532675935 15.668529154148791 1.3226987172170446 8.143693512442187 8.898328940838011 2.5220564226345292 15.27479410427618 8.15875835753442 19.72989890172586 15.633386872181141 4.758662621299596 4.494505079152084 3.214631878970721 17.551942019307262 19.33118506759014 11.885192827723058 11.487478834176313 7.75799462342904 14.520958180125904 9.02729590847271 14.074541489154042 4.5794758063841 17.54682448985068 11.22664241447163 16.34842496697186 14.340490469154643 8.321783362737012 14.11237203091305 1.973341404912917 8.536623441339978 8.93387664939921 16.17211006187334 8.741143910298621 13.86507844758539 32.400211428571424 12231.342474062048
2.798269487873573 16.92661371615312 15.775495278649604 13.198951911870378 8.405945219772361 15.630005390031075 20.0 11.075098725716707 6.350037558657241 17.37297210805474 14.872060896962152 2.980961110378124 15.606758601457237 1.282476669554909 8.056671339523755 8.399038777092363 2.584973157031311 15.31621398971906 9.002532114827927 19.939633274454994 15.096327229052418 2.0240534516918345 3.8934252340867688 2.639451417529825 17.88586459958535 19.263804144308615 11.470571436648303 11.231180156315647 7.789899355089802 14.378736791833903 9.532280970877569 14.045170183704156 4.145133419099757 17.28740155652459 11.198800445655507 16.428407290043655 13.951188747537392 8.358195146268187 13.646398614118592 1.9526255625317643 8.594874328614903 8.89439189795298 16.789200633254815 8.459529076596253 14.16941671821086 29.579291428571427 12279.898832395382
2.82748950304559 16.860562781863173 15.736812663089314 13.237700932161722 8.609947730750958 15.64872234824586 20.0 11.11769317544713 6.333357488613861 17.367663892446952 13.938469269041217 2.9931686002305797 15.533344426511075 1.4785725919013009 8.066565425114826 8.334018212750358 2.576133987431973 15.247306719025053 8.756145479524278 19.879653432842442 15.43256743370317 2.5783887778822887 3.5304637943956534 1.942537514969972 17.76006448112685 19.181255842308033 11.531706243810934 11.314921878903073 7.1781421518337165 14.570063241556419 9.377697799625269 14.040214876368069 6.694636640912004 17.444970255404357 11.088367643435951 16.532463481558196 13.811137534723997 8.095717698296946 13.818937425734095 1.9425475842143949 8.57463124758903 8.898801451100441 16.777410540831422 8.532923136475965 14.114312356489357 42.347811428571426 12100.63146156205
2.751096221628715 16.89791703400017 15.784182561617634 13.085892047273417 8.358313777818049 15.63176692778317 20.0 11.10644102543322 6.431373761306115 17.297959329352086 13.492150316745045 2.798773463794187 11.000008080632059 1.6983871210582295 8.099708108199147 8.090131066223915 2.5144849160787053 15.259539979043769 8.410500650850986 19.857378923683388 15.601138901909447 4.289334232124378 4.58626315508974 1.7685886953341101 17.563353126488288 19.271370856089586 11.677610156342089 11.26336517005929 7.368348990622048 14.410537079126481 9.3655464382707 13.583409249181889 8.408826130838593 17.516604802874877 11.454306015273751 16.47010212194661 13.929860574213443 8.563889345664867 14.83220814552029 1.9217434963794624 8.581053962427273 8.948675827606634 16.912963477626555 8.151136104906666 14.11883433638634 39.94781142857143 12112.63374906205
2.855465069780405 17.483339785369626 15.35264314809988 13.2065394768087 8.268836812476756 15.58875684725544 20.0 11.396294565532353 6.067891199175927 17.218927709980665 13.194741743651647 3.8756018365156613 15.65714624196269 1.0 8.0171123667225 8.148383377520595 2.488128446268191 15.397785106264212 8.52659456049479 19.741731954676823 15.031150467745583 4.305904202049171 4.554886775576371 4.8553999656304345 17.25101258848745 19.11487235740193 8.257427745977767 11.195966309548302 15.718319490333496 14.450278807576879 9.278088624923207 14.61048128810645 2.2641151765701957 11.360046979766043 11.167660802387802 16.30086691284798 13.934273181121627 7.604310933554924 14.41393695082308 2.0623189663887653 8.647237842672201 8.844784885405035 17.740119661507403 8.259923000190936 13.640295820935622 46.58781142857142 12043.885450613276
2.7165316878936676 16.68144655286447 15.743109389180745 13.179814836078954 8.242933987929936 15.610081958342704 20.0 11.041402498873659 6.388465689425699 17.22581290688929 13.18486431619681 2.865005449207111 15.601360517276278 1.6804963774671782 8.0406067745532 8.206283018504683 2.4912650386812416 15.249174952769337 8.261294753377754 19.954474762990642 15.929197299945974 4.09321050046827 4.34621750535147 1.8792605741662276 17.409566500704127 19.107410065954312 11.63602582833623 11.302824592624244 7.730427028697439 14.305447200474397 9.436954611382275 13.874983604724836 8.114756819142556 17.255466014047695 11.366226112306066 16.435010640872783 13.898746720679299 8.352628078052952 14.020768857510241 1.8963362754525581 8.61254134643438 8.88257812666106 20.0 8.479956776277527 13.89788774876831 46.939811428571424 12023.945749062048
2.866422837607904 16.410256548522643 15.047082977781956 13.369661990740665 8.157728719078063 15.59572649618713 8.371845474525417 11.128087700978567 6.402261865584145 17.44458360691858 20.0 2.2062807272180955 15.920133862752762 1.6291017200380955 8.102015298949599 9.100859283363985 2.4965857175126054 15.268180231566294 8.627678437959275 19.386129781409938 17.593307293534753 8.64542413734476 7.337674362863264 1.0 17.673099841748332 19.000775687435343 11.34665350436361 11.611162113042688 7.179060389262582 14.558766153382095 8.735310316307189 14.198705826321282 2.9426752085510275 17.396048084425257 11.646641525181701 16.44633951743236 14.269549504706607 6.640128614374009 13.574723332864819 1.9080360004997243 8.593052029884912 8.789310759852071 1.486785364771341 8.761174700909592 13.113884431417754 26.36234111111111 12519.738719696967
2.8202518390648574 16.243126521106085 15.756457213717312 13.150839651106667 8.347005507677684 15.658831031144874 20.0 11.109352354851959 6.337374775403589 17.3258672933616 13.659589014412607 2.948978572076277 15.566046506088806 1.0764726975178016 8.121164795862786 8.247767394925777 2.5731160723082067 15.277138790147433 8.709898083211627 19.97528778471344 15.021789126991191 4.242239777938545 4.951383472101045 1.9205029713294535 17.29206954731424 19.158419955039715 11.352171588590407 11.339124389339958 7.611558761363531 14.385217967680573 9.417149386089937 14.092983729627834 6.750356756447191 17.222810699338414 11.303980427299168 16.450368056256547 13.944251949423371 8.601722556703441 14.12229092112596 1.9641813871970017 8.594046524929867 8.916910868294636 16.3796352274223 8.339898637328208 14.316590451972168 39.59581142857142 12132.93146156205
2.892899284587148 14.956159896449211 15.035108020629366 13.620298300645997 7.613246149533833 15.63665703726054 6.329153628200938 11.129336705794213 6.448473438379 17.45804269090188 20.0 2.0408368017246468 16.00461132089365 1.8704037579130566 8.094904862238918 9.878608370912062 2.5204774470362463 15.117852405132737 9.59835594177188 19.54879816495689 17.3871209881349 17.317898479967198 6.891757592877364 1.0 17.24764600112911 18.735448473785915 11.21514506404474 11.733267245726978 8.04246714464732 14.52649976637367 8.616553025157767 14.22301522771705 3.9694639731882297 18.273201738230913 11.813125820511424 16.460787866105658 14.242427812865929 7.227274092656494 13.433760791095683 1.8187910104404472 8.572299375746294 8.825597029527435 1.0 9.060952861366031 13.303068849227966 22.383691428571428 12751.32452128427
#
